<number of tasks>
20
<cycle time>
1000
<precedence relations>
1 4
2 3
3 4
3 5
4 6
4 7
4 8
5 8
6 9
6 10
7 12
8 9
8 10
9 11
9 12
10 20
11 13
11 14
12 13
12 14
13 15
13 17
13 20
14 15
14 16
14 17
15 18
16 20
17 19
<type workers>
3
<task types>
1
1
1
1
2
2
2
2
2
2
3
3
3
3
3
3
3
3
3
3
<task times>
359 INF INF 
479 INF INF 
517 INF INF 
534 INF INF 
396 475 INF 
332 398 INF 
400 480 INF 
479 575 INF 
404 485 INF 
690 828 INF 
463 556 667 
436 523 628 
345 414 497 
436 523 628 
638 766 919 
476 571 685 
428 514 617 
621 745 894 
777 932 1118 
358 430 516 
<worker costs>
100
70
49
<end>