<number of tasks>
50
<cycle time>
1000
<precedence relations>
1 6
1 8
1 10
2 24
2 44
3 40
4 7
5 9
6 11
6 12
6 19
7 18
7 20
8 14
8 16
8 17
9 13
10 11
10 15
10 46
10 49
10 50
13 25
13 46
14 23
14 26
15 21
17 24
18 22
18 27
18 32
21 28
21 33
21 48
22 29
23 30
23 46
24 32
24 43
27 31
27 48
28 36
29 35
29 37
31 42
31 43
32 34
33 38
33 39
34 40
34 42
34 45
37 41
37 44
39 43
40 46
40 48
41 50
42 49
44 45
44 47
<type workers>
3
<task types>
1
1
1
1
1
1
1
1
1
1
2
2
2
2
2
2
2
2
2
2
2
2
2
2
2
3
3
3
3
3
3
3
3
3
3
3
3
3
3
3
3
3
3
3
3
3
3
3
3
3
<task times>
180 INF INF 
145 INF INF 
63 INF INF 
25 INF INF 
100 INF INF 
121 INF INF 
91 INF INF 
48 INF INF 
188 INF INF 
47 INF INF 
76 91 INF 
69 83 INF 
219 263 INF 
153 184 INF 
353 424 INF 
75 90 INF 
120 144 INF 
112 134 INF 
156 187 INF 
84 101 INF 
180 216 INF 
204 245 INF 
79 95 INF 
54 65 INF 
279 335 INF 
128 154 185 
127 152 182 
111 133 160 
290 348 418 
239 287 344 
179 215 258 
161 193 232 
46 55 66 
124 149 179 
159 191 229 
107 128 154 
64 77 92 
193 232 278 
142 170 204 
66 79 95 
240 288 346 
80 96 115 
245 294 353 
300 360 432 
168 202 242 
130 156 187 
199 239 287 
25 30 36 
157 188 226 
67 80 96 
<worker costs>
100
70
49
<end>