<number of tasks>
50
<cycle time>
1000
<precedence relations>
1 8
4 6
4 7
4 9
4 48
5 10
5 11
5 12
8 21
9 25
10 14
10 15
11 13
11 17
12 16
12 18
14 22
15 21
16 20
17 19
19 26
20 23
20 25
20 29
21 23
21 24
21 27
21 28
23 33
24 35
24 39
27 30
27 37
28 31
28 36
28 38
29 32
29 34
32 39
32 46
33 42
34 41
34 44
35 43
36 42
36 45
38 40
39 48
43 47
44 50
46 49
<type workers>
3
<task types>
1
1
1
1
1
1
1
1
1
1
2
2
2
2
2
2
2
2
2
2
2
2
2
2
2
3
3
3
3
3
3
3
3
3
3
3
3
3
3
3
3
3
3
3
3
3
3
3
3
3
<task times>
384 INF INF 
493 INF INF 
696 INF INF 
566 INF INF 
576 INF INF 
696 INF INF 
637 INF INF 
804 INF INF 
604 INF INF 
492 INF INF 
551 661 INF 
788 946 INF 
320 384 INF 
583 700 INF 
708 850 INF 
558 670 INF 
564 677 INF 
592 710 INF 
600 720 INF 
586 703 INF 
611 733 INF 
483 580 INF 
417 500 INF 
463 556 INF 
343 412 INF 
461 553 664 
578 694 833 
427 512 614 
518 622 746 
575 690 828 
628 754 905 
442 530 636 
405 486 583 
430 516 619 
334 401 481 
452 542 650 
371 445 534 
574 689 827 
442 530 636 
366 439 527 
196 235 282 
390 468 562 
529 635 762 
372 446 535 
698 838 1006 
564 677 812 
489 587 704 
330 396 475 
373 448 538 
581 697 836 
<worker costs>
100
70
49
<end>