<number of tasks>
50
<cycle time>
1000
<precedence relations>
2 12
3 9
3 15
3 24
3 25
4 14
5 8
5 10
5 11
5 35
6 13
7 21
10 22
10 46
11 18
12 17
12 19
13 16
13 20
16 21
17 23
17 40
18 26
19 25
20 22
20 24
20 46
21 27
22 28
22 31
23 39
25 30
26 29
26 32
27 34
27 35
28 33
28 42
30 37
31 36
33 43
34 37
34 40
35 37
35 38
35 39
35 41
36 40
36 42
38 46
38 47
38 48
41 44
41 45
41 50
42 49
43 47
<type workers>
3
<task types>
1
1
1
1
1
1
1
1
1
1
2
2
2
2
2
2
2
2
2
2
2
2
2
2
2
3
3
3
3
3
3
3
3
3
3
3
3
3
3
3
3
3
3
3
3
3
3
3
3
3
<task times>
79 INF INF 
553 INF INF 
93 INF INF 
206 INF INF 
39 INF INF 
206 INF INF 
373 INF INF 
102 INF INF 
120 INF INF 
212 INF INF 
132 158 INF 
87 104 INF 
227 272 INF 
239 287 INF 
324 389 INF 
35 42 INF 
358 430 INF 
156 187 INF 
353 424 INF 
485 582 INF 
228 274 INF 
25 30 INF 
97 116 INF 
125 150 INF 
32 38 INF 
426 511 613 
35 42 50 
510 612 734 
274 329 395 
116 139 167 
412 494 593 
489 587 704 
73 88 106 
230 276 331 
276 331 397 
147 176 211 
468 562 674 
24 29 35 
27 32 38 
97 116 139 
257 308 370 
152 182 218 
306 367 440 
109 131 157 
112 134 161 
53 64 77 
41 49 59 
124 149 179 
241 289 347 
78 94 113 
<worker costs>
100
70
49
<end>