<number of tasks>
50
<cycle time>
1000
<precedence relations>
2 10
2 20
2 37
2 47
4 7
4 9
5 11
5 12
6 8
7 13
7 15
8 42
10 45
11 14
12 16
13 19
13 21
14 17
14 25
15 18
15 19
15 20
15 21
15 22
16 20
16 46
17 27
17 28
18 26
18 39
19 26
21 25
21 29
22 23
22 24
22 30
23 31
23 32
23 35
25 36
27 34
27 43
29 33
31 39
32 40
32 42
32 43
33 40
33 44
35 37
36 38
36 41
37 46
39 45
41 49
42 50
44 47
44 48
<type workers>
3
<task types>
1
1
1
1
1
1
1
1
1
1
2
2
2
2
2
2
2
2
2
2
2
2
2
2
2
3
3
3
3
3
3
3
3
3
3
3
3
3
3
3
3
3
3
3
3
3
3
3
3
3
<task times>
475 INF INF 
71 INF INF 
420 INF INF 
261 INF INF 
214 INF INF 
160 INF INF 
174 INF INF 
129 INF INF 
79 INF INF 
195 INF INF 
237 284 INF 
224 269 INF 
408 490 INF 
91 109 INF 
191 229 INF 
335 402 INF 
104 125 INF 
399 479 INF 
331 397 INF 
68 82 INF 
53 64 INF 
241 289 INF 
193 232 INF 
147 176 INF 
218 262 INF 
392 470 564 
289 347 416 
154 185 222 
24 29 35 
188 226 271 
377 452 542 
189 227 272 
57 68 82 
224 269 323 
113 136 163 
553 664 797 
453 544 653 
316 379 455 
71 85 102 
283 340 408 
232 278 334 
75 90 108 
283 340 408 
237 284 341 
107 128 154 
221 265 318 
87 104 125 
332 398 478 
64 77 92 
171 205 246 
<worker costs>
100
70
49
<end>