<number of tasks>
50
<cycle time>
1000
<precedence relations>
2 8
3 10
4 9
5 11
6 7
7 16
8 14
9 12
9 15
10 13
13 28
14 17
14 18
14 19
15 20
16 19
16 21
16 22
17 27
17 30
18 30
19 23
19 24
19 26
19 28
20 25
20 29
23 33
25 31
26 32
30 34
30 35
30 36
30 37
31 40
31 42
32 38
35 41
36 39
37 40
38 48
40 47
40 49
41 43
41 44
41 46
41 50
42 45
<type workers>
3
<task types>
1
1
1
1
1
1
1
1
1
1
2
2
2
2
2
2
2
2
2
2
2
2
2
2
2
3
3
3
3
3
3
3
3
3
3
3
3
3
3
3
3
3
3
3
3
3
3
3
3
3
<task times>
89 INF INF 
76 INF INF 
147 INF INF 
290 INF INF 
95 INF INF 
94 INF INF 
124 INF INF 
167 INF INF 
223 INF INF 
238 INF INF 
242 290 INF 
66 79 INF 
30 36 INF 
145 174 INF 
195 234 INF 
121 145 INF 
466 559 INF 
33 40 INF 
36 43 INF 
100 120 INF 
163 196 INF 
69 83 INF 
159 191 INF 
106 127 INF 
282 338 INF 
510 612 734 
287 344 413 
576 691 829 
281 337 404 
106 127 152 
88 106 127 
62 74 89 
496 595 714 
86 103 124 
77 92 110 
116 139 167 
68 82 98 
115 138 166 
352 422 506 
32 38 46 
76 91 109 
508 610 732 
246 295 354 
121 145 174 
473 568 682 
346 415 498 
168 202 242 
556 667 800 
59 71 85 
391 469 563 
<worker costs>
100
70
49
<end>