<number of tasks>
50
<cycle time>
1000
<precedence relations>
1 3
1 4
1 9
1 12
2 5
2 6
2 7
2 8
3 10
3 21
4 32
5 12
5 13
6 10
6 11
6 17
6 19
6 21
7 12
8 10
8 11
8 12
9 25
10 14
10 16
11 20
11 46
12 15
12 16
12 18
12 19
12 20
12 21
13 14
13 17
13 19
13 21
14 22
14 23
15 23
15 33
16 22
16 23
17 22
17 23
18 26
20 27
20 47
21 22
21 35
22 25
22 26
22 39
23 24
24 28
24 29
24 31
25 46
25 50
26 27
26 29
27 31
27 33
28 30
28 34
28 35
29 30
29 32
29 40
30 37
30 38
30 48
31 41
32 36
32 45
34 42
35 39
36 42
37 41
37 43
37 44
38 45
39 40
39 44
41 49
42 46
42 48
42 49
43 45
43 47
43 50
44 46
<type workers>
3
<task types>
1
1
1
1
1
1
1
1
1
1
2
2
2
2
2
2
2
2
2
2
2
2
2
2
2
3
3
3
3
3
3
3
3
3
3
3
3
3
3
3
3
3
3
3
3
3
3
3
3
3
<task times>
245 INF INF 
128 INF INF 
120 INF INF 
183 INF INF 
201 INF INF 
202 INF INF 
82 INF INF 
160 INF INF 
109 INF INF 
35 INF INF 
102 122 INF 
210 252 INF 
207 248 INF 
136 163 INF 
29 35 INF 
34 41 INF 
279 335 INF 
219 263 INF 
219 263 INF 
32 38 INF 
120 144 INF 
141 169 INF 
321 385 INF 
265 318 INF 
219 263 INF 
88 106 127 
156 187 224 
168 202 242 
172 206 247 
33 40 48 
145 174 209 
167 200 240 
30 36 43 
91 109 131 
152 182 218 
54 65 78 
178 214 257 
175 210 252 
189 227 272 
180 216 259 
222 266 319 
62 74 89 
144 173 208 
112 134 161 
318 382 458 
379 455 546 
247 296 355 
146 175 210 
143 172 206 
192 230 276 
<worker costs>
100
70
49
<end>