<number of tasks>
50
<cycle time>
1000
<precedence relations>
1 6
1 7
1 8
1 9
1 10
1 11
2 8
2 14
2 29
3 6
3 7
3 8
3 9
3 10
3 11
4 6
4 8
5 6
5 9
5 17
6 19
6 20
6 21
6 27
7 14
7 15
7 18
7 21
8 13
8 32
9 21
9 22
9 31
10 14
10 26
11 12
11 13
11 16
12 17
12 18
12 20
12 21
13 19
14 23
14 30
14 41
15 17
15 23
16 18
16 20
16 21
16 26
17 34
17 35
18 22
18 27
19 26
19 30
20 22
20 31
21 23
21 24
21 25
22 29
23 34
23 48
24 30
24 44
25 32
25 39
26 28
26 31
26 34
26 35
27 45
28 33
28 38
28 39
28 41
29 33
29 34
29 35
29 36
29 41
30 34
30 36
31 37
31 39
32 48
33 40
33 43
34 47
34 49
35 39
35 42
36 47
36 48
37 40
37 41
39 43
40 44
40 50
41 42
41 43
42 44
42 48
43 45
43 46
43 47
47 50
48 49
<type workers>
3
<task types>
1
1
1
1
1
1
1
1
1
1
2
2
2
2
2
2
2
2
2
2
2
2
2
2
2
3
3
3
3
3
3
3
3
3
3
3
3
3
3
3
3
3
3
3
3
3
3
3
3
3
<task times>
213 INF INF 
60 INF INF 
154 INF INF 
155 INF INF 
90 INF INF 
73 INF INF 
55 INF INF 
97 INF INF 
295 INF INF 
138 INF INF 
151 181 INF 
158 190 INF 
174 209 INF 
111 133 INF 
155 186 INF 
180 216 INF 
134 161 INF 
236 283 INF 
115 138 INF 
198 238 INF 
32 38 INF 
77 92 INF 
143 172 INF 
181 217 INF 
87 104 INF 
121 145 174 
277 332 398 
33 40 48 
42 50 60 
262 314 377 
211 253 304 
99 119 143 
284 341 409 
88 106 127 
121 145 174 
199 239 287 
97 116 139 
39 47 56 
176 211 253 
106 127 152 
119 143 172 
23 28 34 
100 120 144 
157 188 226 
172 206 247 
117 140 168 
138 166 199 
115 138 166 
211 253 304 
182 218 262 
<worker costs>
100
70
49
<end>