<number of tasks>
50
<cycle time>
1000
<precedence relations>
1 7
1 13
2 6
2 10
2 15
3 5
3 6
4 8
4 9
4 10
5 13
5 15
5 28
5 31
6 11
6 12
6 13
6 14
7 12
7 15
8 11
8 12
8 13
9 30
9 31
10 11
10 13
10 14
10 20
11 16
11 17
11 27
12 16
12 17
12 18
13 23
13 36
13 37
13 40
14 33
14 47
15 29
16 19
16 21
16 22
17 19
17 24
17 31
17 32
18 19
18 20
18 23
18 28
19 26
19 38
20 44
21 28
22 25
23 27
24 30
25 31
25 36
26 29
27 30
27 43
27 44
28 32
29 39
30 33
30 45
31 33
31 38
31 40
32 33
32 34
32 35
33 41
33 42
33 48
34 36
34 40
34 41
34 44
35 37
35 38
35 39
35 45
36 45
37 44
38 43
39 50
40 42
40 45
42 46
42 49
42 50
43 48
44 46
45 47
<type workers>
3
<task types>
1
1
1
1
1
1
1
1
1
1
2
2
2
2
2
2
2
2
2
2
2
2
2
2
2
3
3
3
3
3
3
3
3
3
3
3
3
3
3
3
3
3
3
3
3
3
3
3
3
3
<task times>
51 INF INF 
276 INF INF 
68 INF INF 
117 INF INF 
90 INF INF 
286 INF INF 
193 INF INF 
433 INF INF 
266 INF INF 
112 INF INF 
190 228 INF 
128 154 INF 
37 44 INF 
134 161 INF 
279 335 INF 
106 127 INF 
118 142 INF 
347 416 INF 
500 600 INF 
181 217 INF 
178 214 INF 
200 240 INF 
42 50 INF 
263 316 INF 
176 211 INF 
32 38 46 
41 49 59 
163 196 235 
327 392 470 
160 192 230 
171 205 246 
274 329 395 
122 146 175 
343 412 494 
277 332 398 
146 175 210 
178 214 257 
462 554 665 
185 222 266 
251 301 361 
136 163 196 
469 563 676 
497 596 715 
56 67 80 
58 70 84 
103 124 149 
223 268 322 
70 84 101 
103 124 149 
339 407 488 
<worker costs>
100
70
49
<end>