<number of tasks>
50
<cycle time>
1000
<precedence relations>
1 3
2 3
2 4
3 5
3 6
4 5
4 6
5 7
6 7
7 8
7 9
7 10
8 11
8 12
8 13
9 11
9 12
9 13
10 11
10 12
10 13
11 21
11 22
12 17
12 20
13 14
13 15
13 16
14 17
14 18
14 19
14 20
15 17
15 18
15 19
15 20
16 17
16 18
16 19
16 20
17 21
17 22
17 23
18 21
18 22
18 23
19 21
19 22
19 23
20 21
20 22
20 23
21 24
21 25
22 24
22 25
23 24
23 25
24 26
24 27
24 28
25 26
25 27
26 33
27 30
28 29
28 30
29 31
29 32
29 33
30 31
31 34
32 34
32 35
32 36
33 34
33 35
33 36
34 37
34 38
35 37
35 38
36 41
37 42
37 44
38 39
38 40
38 41
39 43
39 45
39 46
39 47
41 44
42 45
42 47
43 49
44 49
44 50
46 48
46 49
47 48
47 50
<type workers>
3
<task types>
1
1
1
1
1
1
1
1
1
1
2
2
2
2
2
2
2
2
2
2
2
2
2
2
2
3
3
3
3
3
3
3
3
3
3
3
3
3
3
3
3
3
3
3
3
3
3
3
3
3
<task times>
143 INF INF 
224 INF INF 
98 INF INF 
81 INF INF 
57 INF INF 
210 INF INF 
226 INF INF 
269 INF INF 
162 INF INF 
200 INF INF 
75 90 INF 
212 254 INF 
114 137 INF 
103 124 INF 
181 217 INF 
135 162 INF 
130 156 INF 
62 74 INF 
260 312 INF 
247 296 INF 
116 139 INF 
223 268 INF 
151 181 INF 
57 68 INF 
242 290 INF 
341 409 491 
72 86 103 
228 274 329 
48 58 70 
64 77 92 
209 251 301 
80 96 115 
113 136 163 
207 248 298 
138 166 199 
247 296 355 
164 197 236 
190 228 274 
126 151 181 
93 112 134 
39 47 56 
84 101 121 
230 276 331 
114 137 164 
78 94 113 
168 202 242 
144 173 208 
129 155 186 
185 222 266 
94 113 136 
<worker costs>
100
70
49
<end>