<number of tasks>
50
<cycle time>
1000
<precedence relations>
1 4
1 5
1 6
1 7
2 4
2 5
2 6
2 7
3 4
3 5
3 6
3 7
4 8
4 9
4 10
5 8
5 9
5 10
6 8
6 9
6 10
7 8
7 9
7 10
8 11
9 11
10 11
11 12
11 13
11 14
12 15
12 16
12 17
13 15
13 16
13 17
14 15
14 16
15 19
16 18
16 19
17 18
17 19
18 20
18 21
18 22
19 21
19 22
20 23
20 24
21 23
22 23
22 24
23 25
23 26
23 27
24 25
24 26
24 27
25 28
25 29
26 28
26 29
27 28
28 30
28 31
28 32
29 30
29 31
30 33
30 34
31 35
32 44
32 46
33 35
33 37
33 38
34 35
34 36
34 37
34 38
34 39
35 40
35 41
35 45
36 48
36 50
37 42
38 40
38 42
39 48
40 46
40 47
42 43
42 44
43 45
43 46
44 47
45 49
46 48
46 49
46 50
<type workers>
3
<task types>
1
1
1
1
1
1
1
1
1
1
2
2
2
2
2
2
2
2
2
2
2
2
2
2
2
3
3
3
3
3
3
3
3
3
3
3
3
3
3
3
3
3
3
3
3
3
3
3
3
3
<task times>
432 INF INF 
385 INF INF 
259 INF INF 
479 INF INF 
728 INF INF 
544 INF INF 
472 INF INF 
611 INF INF 
413 INF INF 
491 INF INF 
490 588 INF 
561 673 INF 
363 436 INF 
449 539 INF 
442 530 INF 
268 322 INF 
377 452 INF 
590 708 INF 
535 642 INF 
403 484 INF 
567 680 INF 
519 623 INF 
404 485 INF 
382 458 INF 
742 890 INF 
636 763 916 
447 536 643 
389 467 560 
664 797 956 
515 618 742 
388 466 559 
498 598 718 
812 974 1169 
656 787 944 
548 658 790 
528 634 761 
369 443 532 
484 581 697 
497 596 715 
522 626 751 
302 362 434 
408 490 588 
572 686 823 
477 572 686 
563 676 811 
443 532 638 
442 530 636 
509 611 733 
406 487 584 
533 640 768 
<worker costs>
100
70
49
<end>