<number of tasks>
50
<cycle time>
1000
<precedence relations>
1 4
1 5
1 6
1 7
2 4
2 5
2 6
2 7
3 4
3 5
3 6
3 7
4 8
4 9
4 10
5 8
5 9
5 10
6 8
6 9
6 10
7 8
7 9
7 10
8 11
8 12
8 13
8 14
9 11
9 12
9 13
9 14
10 11
10 12
10 13
10 14
11 15
11 16
11 17
12 15
12 16
12 17
13 15
13 16
13 17
14 15
14 16
14 17
15 18
15 19
15 20
16 18
16 19
16 20
17 18
17 19
17 20
18 22
18 23
19 22
20 21
20 22
20 23
21 24
21 25
21 26
22 24
22 25
22 26
23 24
23 25
23 26
24 27
24 28
25 27
25 28
26 27
27 29
27 30
28 29
28 35
29 36
29 46
30 31
30 32
30 33
31 36
31 37
32 34
32 35
32 36
32 39
33 34
33 35
34 38
34 40
36 43
36 50
37 38
37 39
38 41
38 42
38 43
39 40
40 41
40 42
40 43
41 45
42 44
43 44
44 48
45 46
45 47
46 48
46 49
46 50
47 48
<type workers>
3
<task types>
1
1
1
1
1
1
1
1
1
1
2
2
2
2
2
2
2
2
2
2
2
2
2
2
2
3
3
3
3
3
3
3
3
3
3
3
3
3
3
3
3
3
3
3
3
3
3
3
3
3
<task times>
414 INF INF 
100 INF INF 
229 INF INF 
166 INF INF 
504 INF INF 
493 INF INF 
299 INF INF 
505 INF INF 
159 INF INF 
317 INF INF 
635 762 INF 
506 607 INF 
207 248 INF 
182 218 INF 
269 323 INF 
335 402 INF 
77 92 INF 
143 172 INF 
86 103 INF 
549 659 INF 
210 252 INF 
93 112 INF 
247 296 INF 
275 330 INF 
56 67 INF 
226 271 325 
45 54 65 
246 295 354 
139 167 200 
333 400 480 
122 146 175 
162 194 233 
159 191 229 
392 470 564 
83 100 120 
244 293 352 
140 168 202 
110 132 158 
519 623 748 
164 197 236 
230 276 331 
182 218 262 
128 154 185 
532 638 766 
280 336 403 
131 157 188 
512 614 737 
114 137 164 
43 52 62 
489 587 704 
<worker costs>
100
70
49
<end>