<number of tasks>
50
<cycle time>
1000
<precedence relations>
1 9
2 7
2 8
2 11
4 5
4 6
4 10
5 15
6 16
8 12
8 14
8 22
8 44
10 33
10 45
11 13
11 17
12 18
12 19
13 20
13 22
13 25
14 24
14 34
15 24
17 21
17 23
19 25
19 27
20 30
21 26
21 28
22 47
24 29
24 42
25 33
26 34
26 37
27 36
28 31
28 35
29 32
31 39
31 40
31 44
32 38
32 39
34 45
35 42
36 41
36 43
37 38
43 46
43 47
44 46
44 48
44 49
44 50
<type workers>
3
<task types>
1
1
1
1
1
1
1
1
1
1
2
2
2
2
2
2
2
2
2
2
2
2
2
2
2
3
3
3
3
3
3
3
3
3
3
3
3
3
3
3
3
3
3
3
3
3
3
3
3
3
<task times>
79 INF INF 
72 INF INF 
268 INF INF 
217 INF INF 
159 INF INF 
83 INF INF 
43 INF INF 
209 INF INF 
76 INF INF 
99 INF INF 
180 198 INF 
121 133 INF 
85 94 INF 
110 121 INF 
120 132 INF 
203 223 INF 
42 46 INF 
201 221 INF 
45 50 INF 
63 69 INF 
74 81 INF 
61 67 INF 
140 154 INF 
55 61 INF 
171 188 INF 
177 195 215 
23 25 28 
102 112 123 
55 61 67 
63 69 76 
107 118 130 
171 188 207 
132 145 160 
139 153 168 
150 165 182 
61 67 74 
161 177 195 
150 165 182 
139 153 168 
95 105 116 
115 127 140 
174 191 210 
65 72 79 
211 232 255 
241 265 292 
68 75 83 
93 102 112 
49 54 59 
69 76 84 
170 187 206 
<worker costs>
100
70
49
<end>