<number of tasks>
50
<cycle time>
1000
<precedence relations>
1 8
4 6
4 7
4 9
4 48
5 10
5 11
5 12
8 21
9 25
10 14
10 15
11 13
11 17
12 16
12 18
14 22
15 21
16 20
17 19
19 26
20 23
20 25
20 29
21 23
21 24
21 27
21 28
23 33
24 35
24 39
27 30
27 37
28 31
28 36
28 38
29 32
29 34
32 39
32 46
33 42
34 41
34 44
35 43
36 42
36 45
38 40
39 48
43 47
44 50
46 49
<type workers>
3
<task types>
1
1
1
1
1
1
1
1
1
1
2
2
2
2
2
2
2
2
2
2
2
2
2
2
2
3
3
3
3
3
3
3
3
3
3
3
3
3
3
3
3
3
3
3
3
3
3
3
3
3
<task times>
384 INF INF 
493 INF INF 
696 INF INF 
566 INF INF 
576 INF INF 
696 INF INF 
637 INF INF 
804 INF INF 
604 INF INF 
492 INF INF 
551 606 INF 
788 867 INF 
320 352 INF 
583 641 INF 
708 779 INF 
558 614 INF 
564 620 INF 
592 651 INF 
600 660 INF 
586 645 INF 
611 672 INF 
483 531 INF 
417 459 INF 
463 509 INF 
343 377 INF 
461 507 558 
578 636 700 
427 470 517 
518 570 627 
575 633 696 
628 691 760 
442 486 535 
405 446 491 
430 473 520 
334 367 404 
452 497 547 
371 408 449 
574 631 694 
442 486 535 
366 403 443 
196 216 238 
390 429 472 
529 582 640 
372 409 450 
698 768 845 
564 620 682 
489 538 592 
330 363 399 
373 410 451 
581 639 703 
<worker costs>
100
70
49
<end>