<number of tasks>
50
<cycle time>
1000
<precedence relations>
1 7
1 8
2 7
2 11
3 7
3 10
4 7
4 9
5 7
5 8
5 11
5 19
6 7
6 8
6 14
7 13
7 15
8 22
8 34
8 36
9 14
9 16
10 12
10 14
10 17
11 17
12 16
12 18
12 19
12 23
13 16
13 17
13 20
14 37
14 49
16 22
16 24
16 25
16 29
17 21
17 23
17 24
18 21
18 37
18 39
18 40
19 24
20 28
20 30
21 31
21 41
21 44
23 26
23 29
23 36
23 38
23 39
24 27
24 28
24 30
25 36
26 31
26 37
27 32
28 32
28 33
28 34
30 31
30 43
30 48
30 49
31 34
32 36
32 37
33 35
33 38
34 42
34 46
35 39
36 40
36 41
37 41
37 50
39 42
39 44
39 46
40 45
40 50
41 43
41 46
42 47
44 47
44 49
44 50
45 48
45 49
<type workers>
3
<task types>
1
1
1
1
1
1
1
1
1
1
2
2
2
2
2
2
2
2
2
2
2
2
2
2
2
3
3
3
3
3
3
3
3
3
3
3
3
3
3
3
3
3
3
3
3
3
3
3
3
3
<task times>
258 INF INF 
478 INF INF 
461 INF INF 
713 INF INF 
697 INF INF 
503 INF INF 
578 INF INF 
599 INF INF 
455 INF INF 
538 INF INF 
331 364 INF 
512 563 INF 
748 823 INF 
800 880 INF 
551 606 INF 
424 466 INF 
447 492 INF 
448 493 INF 
440 484 INF 
436 480 INF 
722 794 INF 
502 552 INF 
439 483 INF 
376 414 INF 
352 387 INF 
285 314 345 
448 493 542 
384 422 464 
722 794 873 
399 439 483 
638 702 772 
430 473 520 
342 376 414 
408 449 494 
473 520 572 
480 528 581 
435 479 527 
427 470 517 
350 385 424 
706 777 855 
466 513 564 
581 639 703 
399 439 483 
596 656 722 
560 616 678 
465 512 563 
428 471 518 
563 619 681 
599 659 725 
348 383 421 
<worker costs>
100
70
49
<end>