<number of tasks>
50
<cycle time>
1000
<precedence relations>
1 11
1 12
2 5
2 6
3 5
3 6
4 5
4 6
5 7
5 8
5 9
6 7
6 8
6 9
7 10
7 11
7 12
8 10
8 11
8 12
9 10
9 11
9 12
10 13
10 14
10 15
10 16
11 13
11 14
11 15
11 16
12 13
12 14
12 15
12 16
13 17
13 18
14 17
14 18
15 17
15 18
16 17
16 18
17 19
17 20
17 21
17 22
18 19
18 20
18 21
18 22
19 23
20 28
20 29
20 30
21 23
21 24
21 25
22 23
22 24
22 25
23 26
23 27
24 26
25 26
26 28
26 29
26 30
27 28
27 29
27 30
28 31
28 32
29 31
29 32
30 31
30 32
31 33
31 34
31 35
32 33
33 38
33 40
33 45
33 47
34 36
34 38
35 37
35 38
36 39
37 40
37 44
39 41
39 42
40 46
40 48
41 43
41 44
42 43
43 45
43 46
43 47
44 48
45 49
46 50
47 49
48 49
48 50
<type workers>
3
<task types>
1
1
1
1
1
1
1
1
1
1
2
2
2
2
2
2
2
2
2
2
2
2
2
2
2
3
3
3
3
3
3
3
3
3
3
3
3
3
3
3
3
3
3
3
3
3
3
3
3
3
<task times>
120 INF INF 
61 INF INF 
146 INF INF 
285 INF INF 
24 INF INF 
202 INF INF 
94 INF INF 
125 INF INF 
96 INF INF 
38 INF INF 
113 124 INF 
151 166 INF 
156 172 INF 
231 254 INF 
112 123 INF 
23 25 INF 
155 171 INF 
123 135 INF 
216 238 INF 
82 90 INF 
75 83 INF 
230 253 INF 
140 154 INF 
151 166 INF 
255 281 INF 
112 123 135 
83 91 100 
93 102 112 
96 106 117 
70 77 85 
164 180 198 
37 41 45 
256 282 310 
133 146 161 
196 216 238 
182 200 220 
37 41 45 
110 121 133 
105 116 128 
309 340 374 
192 211 232 
170 187 206 
154 169 186 
37 41 45 
222 244 268 
111 122 134 
134 147 162 
119 131 144 
162 178 196 
118 130 143 
<worker costs>
100
70
49
<end>