<number of tasks>
50
<cycle time>
1000
<precedence relations>
1 4
1 5
2 4
2 5
3 4
3 5
4 6
4 7
5 6
5 7
6 8
6 9
6 10
6 11
7 8
7 9
7 10
7 11
8 12
8 13
8 14
9 12
9 13
9 14
10 12
10 13
10 14
11 12
11 13
11 14
12 15
12 16
13 15
13 16
14 15
14 16
15 17
15 18
15 19
15 20
16 17
17 22
17 23
18 25
18 26
19 21
19 22
19 23
20 21
20 22
21 26
22 24
22 25
22 26
23 24
23 25
23 26
24 27
25 27
26 27
27 28
27 29
27 30
28 31
28 33
29 31
29 32
29 33
29 34
30 31
30 32
30 34
31 35
31 38
31 39
32 47
33 36
33 37
34 35
34 37
35 49
37 38
37 39
38 42
39 40
39 41
40 43
40 47
41 43
41 44
41 45
42 43
42 45
43 46
43 48
44 47
45 46
46 49
47 48
47 49
47 50
<type workers>
3
<task types>
1
1
1
1
1
1
1
1
1
1
2
2
2
2
2
2
2
2
2
2
2
2
2
2
2
3
3
3
3
3
3
3
3
3
3
3
3
3
3
3
3
3
3
3
3
3
3
3
3
3
<task times>
526 INF INF 
542 INF INF 
752 INF INF 
611 INF INF 
579 INF INF 
535 INF INF 
466 INF INF 
352 INF INF 
538 INF INF 
528 INF INF 
519 571 INF 
585 644 INF 
547 602 INF 
426 469 INF 
811 892 INF 
578 636 INF 
426 469 INF 
478 526 INF 
397 437 INF 
341 375 INF 
417 459 INF 
618 680 INF 
469 516 INF 
525 578 INF 
524 576 INF 
448 493 542 
653 718 790 
605 666 733 
583 641 705 
557 613 674 
476 524 576 
387 426 469 
348 383 421 
518 570 627 
407 448 493 
461 507 558 
695 765 842 
588 647 712 
425 468 515 
737 811 892 
472 519 571 
514 565 622 
753 828 911 
582 640 704 
488 537 591 
505 556 612 
690 759 835 
679 747 822 
610 671 738 
363 399 439 
<worker costs>
100
70
49
<end>