<number of tasks>
50
<cycle time>
1000
<precedence relations>
1 4
1 5
2 4
2 5
3 4
3 5
4 6
4 7
4 8
4 9
5 6
5 7
5 8
5 9
6 10
6 11
6 12
7 10
7 11
7 12
8 10
8 11
8 12
9 10
9 11
9 12
10 13
10 14
10 15
11 13
11 14
11 15
12 13
12 14
12 15
13 16
13 17
13 18
14 16
14 17
14 18
15 16
15 17
15 18
16 19
16 21
17 28
18 19
18 20
18 21
19 22
19 23
19 24
19 25
20 22
20 23
20 24
20 25
21 22
21 23
21 24
21 25
22 34
22 39
23 26
23 27
24 28
25 26
25 27
26 28
27 28
28 29
28 30
28 31
28 32
28 33
28 34
29 35
30 35
30 36
31 39
31 41
32 35
32 36
33 35
34 38
35 37
35 38
35 39
36 37
36 38
37 40
37 41
38 43
39 40
40 43
41 42
42 47
43 44
43 45
44 46
45 47
46 48
46 49
47 50
<type workers>
3
<task types>
1
1
1
1
1
1
1
1
1
1
2
2
2
2
2
2
2
2
2
2
2
2
2
2
2
3
3
3
3
3
3
3
3
3
3
3
3
3
3
3
3
3
3
3
3
3
3
3
3
3
<task times>
445 INF INF 
664 INF INF 
418 INF INF 
380 INF INF 
462 INF INF 
605 INF INF 
539 INF INF 
529 INF INF 
402 INF INF 
612 INF INF 
482 530 INF 
434 477 INF 
476 524 INF 
336 370 INF 
483 531 INF 
447 492 INF 
529 582 INF 
673 740 INF 
649 714 INF 
656 722 INF 
709 780 INF 
551 606 INF 
656 722 INF 
428 471 INF 
546 601 INF 
470 517 569 
440 484 532 
820 902 992 
538 592 651 
385 424 466 
526 579 637 
778 856 942 
358 394 433 
598 658 724 
574 631 694 
440 484 532 
434 477 525 
392 431 474 
650 715 787 
484 532 585 
480 528 581 
482 530 583 
473 520 572 
623 685 754 
556 612 673 
717 789 868 
612 673 740 
573 630 693 
640 704 774 
609 670 737 
<worker costs>
100
70
49
<end>