<number of tasks>
50
<cycle time>
1000
<precedence relations>
1 3
1 5
2 3
2 4
2 5
3 6
3 7
3 8
3 9
4 6
4 7
4 8
4 9
5 6
5 7
5 8
5 9
6 10
6 11
7 10
7 11
8 10
8 11
9 13
10 12
10 13
10 14
10 15
11 14
11 15
12 17
13 17
13 20
14 16
14 17
15 16
15 17
16 18
16 19
16 20
17 18
18 21
18 22
19 21
19 22
20 21
20 22
21 23
21 24
21 25
22 23
22 24
22 25
23 26
23 27
23 28
24 26
24 27
24 28
25 26
25 27
25 28
26 29
26 30
26 31
27 29
27 31
27 34
28 30
28 33
29 35
29 36
29 37
30 32
30 34
30 37
31 32
31 33
31 40
32 36
33 37
34 35
35 38
35 39
35 40
37 39
38 41
39 41
40 41
41 42
42 43
42 44
42 45
42 46
43 47
43 48
44 49
44 50
45 47
46 49
<type workers>
3
<task types>
1
1
1
1
1
1
1
1
1
1
2
2
2
2
2
2
2
2
2
2
2
2
2
2
2
3
3
3
3
3
3
3
3
3
3
3
3
3
3
3
3
3
3
3
3
3
3
3
3
3
<task times>
87 INF INF 
199 INF INF 
113 INF INF 
114 INF INF 
106 INF INF 
108 INF INF 
365 INF INF 
81 INF INF 
196 INF INF 
443 INF INF 
51 56 INF 
471 518 INF 
79 87 INF 
22 24 INF 
505 556 INF 
37 41 INF 
438 482 INF 
416 458 INF 
156 172 INF 
85 94 INF 
167 184 INF 
545 600 INF 
103 113 INF 
127 140 INF 
412 453 INF 
439 483 531 
126 139 153 
33 36 40 
171 188 207 
517 569 626 
481 529 582 
216 238 262 
458 504 554 
340 374 411 
110 121 133 
167 184 202 
198 218 240 
93 102 112 
557 613 674 
596 656 722 
333 366 403 
81 89 98 
218 240 264 
205 226 249 
59 65 72 
122 134 147 
77 85 94 
551 606 667 
126 139 153 
22 24 26 
<worker costs>
100
70
49
<end>