<number of tasks>
20
<cycle time>
1000
<precedence relations>
1 3
1 4
2 5
2 6
2 7
3 5
3 6
3 7
4 5
4 6
4 7
5 8
5 9
5 10
6 8
6 9
6 10
7 8
7 9
7 10
8 11
8 12
9 11
9 14
9 15
10 11
10 12
11 17
12 13
12 14
12 15
13 16
14 19
14 20
16 17
16 18
17 20
18 19
<type workers>
3
<task types>
1
1
1
1
2
2
2
2
2
2
3
3
3
3
3
3
3
3
3
3
<task times>
482 INF INF 
623 INF INF 
454 INF INF 
374 INF INF 
490 588 INF 
463 556 INF 
622 746 INF 
350 420 INF 
547 656 INF 
352 422 INF 
521 625 750 
602 722 866 
471 565 678 
552 662 794 
626 751 901 
375 450 540 
512 614 737 
678 814 977 
344 413 496 
324 389 467 
<worker costs>
100
70
49
<end>