<number of tasks>
20
<cycle time>
1000
<precedence relations>
1 6
1 7
1 8
1 9
2 6
2 9
3 10
4 6
4 7
4 8
5 9
5 17
6 11
6 12
7 12
7 14
7 15
8 16
9 10
9 13
10 14
10 19
11 13
11 14
11 15
13 16
15 16
15 17
16 19
17 18
17 20
<type workers>
3
<task types>
1
1
1
1
2
2
2
2
2
2
3
3
3
3
3
3
3
3
3
3
<task times>
578 INF INF 
417 INF INF 
491 INF INF 
452 INF INF 
572 686 INF 
628 754 INF 
393 472 INF 
277 332 INF 
522 626 INF 
471 565 INF 
384 461 553 
700 840 1008 
275 330 396 
454 545 654 
402 482 578 
556 667 800 
599 719 863 
563 676 811 
467 560 672 
487 584 701 
<worker costs>
100
85
72
<end>