<number of tasks>
20
<cycle time>
1000
<precedence relations>
1 6
2 3
2 4
3 5
3 6
4 5
4 6
5 7
5 8
6 7
6 8
7 9
7 10
8 10
8 12
9 11
9 12
10 18
11 13
12 14
12 15
13 15
14 16
14 17
15 18
15 19
15 20
16 18
16 19
16 20
17 18
17 20
<type workers>
3
<task types>
1
1
1
1
2
2
2
2
2
2
3
3
3
3
3
3
3
3
3
3
<task times>
516 INF INF 
491 INF INF 
537 INF INF 
395 INF INF 
471 565 INF 
514 617 INF 
572 686 INF 
537 644 INF 
801 961 INF 
525 630 INF 
407 488 586 
516 619 743 
398 478 574 
288 346 415 
459 551 661 
646 775 930 
458 550 660 
514 617 740 
772 926 1111 
695 834 1001 
<worker costs>
100
85
72
<end>