<number of tasks>
50
<cycle time>
1000
<precedence relations>
1 10
1 12
2 10
2 11
2 13
4 42
8 9
9 15
9 16
9 17
10 21
11 36
12 30
12 34
12 49
13 14
14 23
14 24
15 19
16 20
16 21
16 25
17 18
17 22
18 41
19 30
20 28
21 27
21 32
21 37
22 31
23 26
24 29
25 26
25 38
28 33
28 37
28 38
29 36
30 35
32 34
32 39
32 41
34 44
35 42
35 47
36 41
36 43
36 45
37 40
39 46
40 49
41 50
47 48
<type workers>
3
<task types>
1
1
1
1
1
1
1
1
1
1
2
2
2
2
2
2
2
2
2
2
2
2
2
2
2
3
3
3
3
3
3
3
3
3
3
3
3
3
3
3
3
3
3
3
3
3
3
3
3
3
<task times>
53 INF INF 
230 INF INF 
29 INF INF 
54 INF INF 
315 INF INF 
104 INF INF 
27 INF INF 
62 INF INF 
144 INF INF 
273 INF INF 
108 119 INF 
174 191 INF 
258 284 INF 
153 168 INF 
220 242 INF 
51 56 INF 
192 211 INF 
124 136 INF 
96 106 INF 
235 259 INF 
176 194 INF 
106 117 INF 
138 152 INF 
27 30 INF 
107 118 INF 
63 69 76 
113 124 136 
228 251 276 
107 118 130 
99 109 120 
106 117 129 
119 131 144 
156 172 189 
84 92 101 
138 152 167 
97 107 118 
38 42 46 
184 202 222 
204 224 246 
284 312 343 
197 217 239 
217 239 263 
44 48 53 
82 90 99 
127 140 154 
51 56 62 
246 271 298 
91 100 110 
170 187 206 
40 44 48 
<worker costs>
100
85
72
<end>