<number of tasks>
50
<cycle time>
1000
<precedence relations>
1 14
2 12
3 10
3 11
3 13
4 47
6 9
6 34
9 16
9 17
9 19
11 18
11 21
13 15
13 20
15 22
15 24
16 25
18 23
18 26
19 24
20 30
22 26
22 27
23 28
23 30
23 31
23 32
24 27
24 29
26 37
27 35
29 36
30 34
31 33
31 50
34 38
35 41
35 43
36 39
37 40
37 42
38 49
39 47
40 48
41 46
42 44
42 45
43 50
<type workers>
3
<task types>
1
1
1
1
1
1
1
1
1
1
2
2
2
2
2
2
2
2
2
2
2
2
2
2
2
3
3
3
3
3
3
3
3
3
3
3
3
3
3
3
3
3
3
3
3
3
3
3
3
3
<task times>
241 INF INF 
258 INF INF 
397 INF INF 
441 INF INF 
339 INF INF 
293 INF INF 
537 INF INF 
599 INF INF 
599 INF INF 
402 INF INF 
651 716 INF 
532 585 INF 
306 337 INF 
356 392 INF 
435 479 INF 
588 647 INF 
452 497 INF 
357 393 INF 
639 703 INF 
316 348 INF 
468 515 INF 
612 673 INF 
630 693 INF 
540 594 INF 
448 493 INF 
605 666 733 
533 586 645 
260 286 315 
510 561 617 
755 831 914 
506 557 613 
609 670 737 
640 704 774 
424 466 513 
556 612 673 
579 637 701 
404 444 488 
606 667 734 
549 604 664 
440 484 532 
636 700 770 
322 354 389 
459 505 556 
627 690 759 
581 639 703 
403 443 487 
535 589 648 
579 637 701 
589 648 713 
746 821 903 
<worker costs>
100
85
72
<end>