<number of tasks>
50
<cycle time>
1000
<precedence relations>
3 12
3 13
4 10
6 41
8 11
9 43
10 15
10 16
11 14
11 17
11 18
14 37
15 21
16 19
17 20
18 29
18 48
19 23
19 25
20 26
20 28
20 31
21 22
21 24
21 27
21 29
21 30
22 34
23 38
23 44
23 49
26 32
26 33
26 34
27 32
27 37
28 35
28 39
28 44
31 36
31 47
33 41
33 42
34 40
34 45
36 43
37 44
38 45
40 49
42 50
43 46
44 47
45 48
<type workers>
3
<task types>
1
1
1
1
1
1
1
1
1
1
2
2
2
2
2
2
2
2
2
2
2
2
2
2
2
3
3
3
3
3
3
3
3
3
3
3
3
3
3
3
3
3
3
3
3
3
3
3
3
3
<task times>
412 INF INF 
377 INF INF 
292 INF INF 
308 INF INF 
429 INF INF 
411 INF INF 
512 INF INF 
445 INF INF 
458 INF INF 
689 INF INF 
684 752 INF 
411 452 INF 
339 373 INF 
395 435 INF 
412 453 INF 
512 563 INF 
321 353 INF 
510 561 INF 
574 631 INF 
629 692 INF 
651 716 INF 
524 576 INF 
481 529 INF 
519 571 INF 
502 552 INF 
467 514 565 
565 622 684 
662 728 801 
414 455 501 
586 645 710 
269 296 326 
504 554 609 
421 463 509 
479 527 580 
557 613 674 
517 569 626 
438 482 530 
559 615 677 
477 525 578 
541 595 655 
462 508 559 
933 1026 1129 
558 614 675 
380 418 460 
497 547 602 
362 398 438 
479 527 580 
531 584 642 
683 751 826 
535 589 648 
<worker costs>
100
85
72
<end>