<number of tasks>
50
<cycle time>
1000
<precedence relations>
1 41
2 42
4 21
4 49
5 12
7 23
8 10
8 29
9 11
9 13
10 16
10 18
11 14
11 15
11 18
11 19
13 17
13 20
13 32
14 25
15 21
15 49
16 26
18 23
18 28
18 34
18 37
19 22
19 24
20 27
20 45
21 29
21 30
22 32
22 35
23 46
24 31
25 33
25 34
25 36
25 42
29 37
29 42
30 37
30 41
32 38
32 39
33 40
34 43
38 45
42 44
42 46
43 45
44 47
44 50
45 48
45 49
<type workers>
3
<task types>
1
1
1
1
1
1
1
1
1
1
2
2
2
2
2
2
2
2
2
2
2
2
2
2
2
3
3
3
3
3
3
3
3
3
3
3
3
3
3
3
3
3
3
3
3
3
3
3
3
3
<task times>
483 INF INF 
345 INF INF 
456 INF INF 
152 INF INF 
209 INF INF 
145 INF INF 
450 INF INF 
115 INF INF 
197 INF INF 
318 INF INF 
71 78 INF 
98 108 INF 
24 26 INF 
509 560 INF 
485 534 INF 
200 220 INF 
150 165 INF 
93 102 INF 
84 92 INF 
152 167 INF 
175 193 INF 
534 587 INF 
84 92 INF 
234 257 INF 
260 286 INF 
220 242 266 
521 573 630 
176 194 213 
501 551 606 
508 559 615 
198 218 240 
377 415 457 
249 274 301 
445 490 539 
162 178 196 
128 141 155 
62 68 75 
103 113 124 
504 554 609 
84 92 101 
241 265 292 
460 506 557 
273 300 330 
200 220 242 
109 120 132 
310 341 375 
366 403 443 
206 227 250 
352 387 426 
160 176 194 
<worker costs>
100
85
72
<end>