<number of tasks>
50
<cycle time>
1000
<precedence relations>
1 5
2 6
3 4
3 7
3 8
3 9
4 12
4 43
5 11
5 13
5 15
5 16
5 18
6 10
6 17
7 14
7 19
8 25
9 33
9 46
11 46
13 33
14 23
14 24
14 25
15 21
15 23
15 40
15 47
15 49
17 30
18 37
19 20
19 22
19 23
20 29
20 31
22 29
22 30
22 32
23 44
24 26
24 27
24 28
26 37
26 39
28 41
29 34
29 38
31 33
31 36
31 41
32 35
32 44
33 42
33 44
34 40
34 42
34 45
34 47
35 41
36 43
36 46
39 49
45 48
45 49
46 50
<type workers>
3
<task types>
1
1
1
1
1
1
1
1
1
1
2
2
2
2
2
2
2
2
2
2
2
2
2
2
2
3
3
3
3
3
3
3
3
3
3
3
3
3
3
3
3
3
3
3
3
3
3
3
3
3
<task times>
29 INF INF 
522 INF INF 
197 INF INF 
206 INF INF 
73 INF INF 
558 INF INF 
109 INF INF 
87 INF INF 
109 INF INF 
324 INF INF 
70 77 INF 
29 32 INF 
50 55 INF 
231 254 INF 
333 366 INF 
55 61 INF 
220 242 INF 
210 231 INF 
355 391 INF 
260 286 INF 
462 508 INF 
124 136 INF 
235 259 INF 
124 136 INF 
485 534 INF 
35 39 43 
214 235 259 
512 563 619 
118 130 143 
104 114 125 
239 263 289 
514 565 622 
202 222 244 
224 246 271 
177 195 215 
221 243 267 
156 172 189 
414 455 501 
575 633 696 
99 109 120 
36 40 44 
118 130 143 
84 92 101 
595 655 721 
57 63 69 
22 24 26 
115 127 140 
521 573 630 
62 68 75 
129 142 156 
<worker costs>
100
85
72
<end>