<number of tasks>
50
<cycle time>
1000
<precedence relations>
1 5
1 6
2 8
2 9
2 10
3 6
4 7
4 8
5 11
5 12
5 17
6 16
6 17
7 11
7 12
9 11
9 13
10 18
10 29
10 34
11 14
11 15
12 24
13 15
13 16
13 17
14 18
14 20
14 22
15 18
15 19
15 41
16 18
16 19
16 20
16 21
16 22
17 32
17 34
17 35
18 23
19 25
20 41
21 24
22 27
22 38
22 40
23 26
23 28
23 35
24 27
24 29
25 34
26 36
27 30
27 34
28 32
29 31
29 32
29 33
29 35
30 39
30 41
31 37
31 38
32 37
32 39
32 45
33 40
34 37
35 36
35 38
36 42
36 43
36 46
37 48
37 50
38 49
39 43
39 44
40 42
41 45
41 46
42 47
42 50
43 49
44 48
46 50
<type workers>
3
<task types>
1
1
1
1
1
1
1
1
1
1
2
2
2
2
2
2
2
2
2
2
2
2
2
2
2
3
3
3
3
3
3
3
3
3
3
3
3
3
3
3
3
3
3
3
3
3
3
3
3
3
<task times>
512 INF INF 
318 INF INF 
559 INF INF 
412 INF INF 
488 INF INF 
550 INF INF 
686 INF INF 
375 INF INF 
477 INF INF 
411 INF INF 
588 647 INF 
234 257 INF 
465 512 INF 
315 347 INF 
283 311 INF 
759 835 INF 
797 877 INF 
698 768 INF 
763 839 INF 
548 603 INF 
288 317 INF 
572 629 INF 
450 495 INF 
479 527 INF 
579 637 INF 
532 585 644 
123 135 149 
302 332 365 
593 652 717 
159 175 193 
455 501 551 
715 787 866 
404 444 488 
508 559 615 
473 520 572 
662 728 801 
652 717 789 
517 569 626 
481 529 582 
444 488 537 
295 325 358 
328 361 397 
678 746 821 
652 717 789 
635 699 769 
524 576 634 
501 551 606 
445 490 539 
657 723 795 
620 682 750 
<worker costs>
100
85
72
<end>