<number of tasks>
50
<cycle time>
1000
<precedence relations>
1 8
1 12
2 9
3 6
3 7
4 6
4 10
5 6
5 7
5 8
5 13
6 12
6 23
7 11
7 22
8 11
8 17
9 13
10 11
10 22
11 14
11 15
11 29
12 14
12 16
12 18
12 24
13 14
13 17
13 32
13 33
15 23
15 24
16 21
16 22
16 26
16 28
17 19
17 35
17 46
18 19
18 20
18 41
19 25
19 27
20 27
20 28
21 29
21 33
22 27
22 47
23 27
23 28
23 36
24 25
24 26
25 34
26 30
26 32
26 33
26 34
27 30
27 45
28 31
29 40
31 34
31 38
32 35
32 36
32 37
33 38
33 39
33 40
33 47
34 39
34 40
34 49
35 39
35 40
36 41
37 39
37 42
37 43
38 42
40 45
40 48
41 44
41 47
42 46
43 45
43 48
43 49
45 50
46 50
47 49
48 50
<type workers>
3
<task types>
1
1
1
1
1
1
1
1
1
1
2
2
2
2
2
2
2
2
2
2
2
2
2
2
2
3
3
3
3
3
3
3
3
3
3
3
3
3
3
3
3
3
3
3
3
3
3
3
3
3
<task times>
303 INF INF 
69 INF INF 
37 INF INF 
249 INF INF 
34 INF INF 
194 INF INF 
237 INF INF 
276 INF INF 
285 INF INF 
188 INF INF 
45 50 INF 
49 54 INF 
514 565 INF 
537 591 INF 
182 200 INF 
205 226 INF 
108 119 INF 
285 314 INF 
74 81 INF 
38 42 INF 
224 246 INF 
395 435 INF 
182 200 INF 
508 559 INF 
161 177 INF 
64 70 77 
185 204 224 
493 542 596 
331 364 400 
41 45 50 
309 340 374 
241 265 292 
79 87 96 
191 210 231 
119 131 144 
223 245 270 
283 311 342 
30 33 36 
404 444 488 
410 451 496 
217 239 263 
149 164 180 
29 32 35 
548 603 663 
167 184 202 
35 39 43 
203 223 245 
202 222 244 
375 413 454 
99 109 120 
<worker costs>
100
85
72
<end>