<number of tasks>
50
<cycle time>
1000
<precedence relations>
1 7
1 13
2 6
2 10
2 15
3 5
3 6
4 8
4 9
4 10
5 13
5 15
5 28
5 31
6 11
6 12
6 13
6 14
7 12
7 15
8 11
8 12
8 13
9 30
9 31
10 11
10 13
10 14
10 20
11 16
11 17
11 27
12 16
12 17
12 18
13 23
13 36
13 37
13 40
14 33
14 47
15 29
16 19
16 21
16 22
17 19
17 24
17 31
17 32
18 19
18 20
18 23
18 28
19 26
19 38
20 44
21 28
22 25
23 27
24 30
25 31
25 36
26 29
27 30
27 43
27 44
28 32
29 39
30 33
30 45
31 33
31 38
31 40
32 33
32 34
32 35
33 41
33 42
33 48
34 36
34 40
34 41
34 44
35 37
35 38
35 39
35 45
36 45
37 44
38 43
39 50
40 42
40 45
42 46
42 49
42 50
43 48
44 46
45 47
<type workers>
3
<task types>
1
1
1
1
1
1
1
1
1
1
2
2
2
2
2
2
2
2
2
2
2
2
2
2
2
3
3
3
3
3
3
3
3
3
3
3
3
3
3
3
3
3
3
3
3
3
3
3
3
3
<task times>
51 INF INF 
276 INF INF 
68 INF INF 
117 INF INF 
90 INF INF 
286 INF INF 
193 INF INF 
433 INF INF 
266 INF INF 
112 INF INF 
190 209 INF 
128 141 INF 
37 41 INF 
134 147 INF 
279 307 INF 
106 117 INF 
118 130 INF 
347 382 INF 
500 550 INF 
181 199 INF 
178 196 INF 
200 220 INF 
42 46 INF 
263 289 INF 
176 194 INF 
32 35 39 
41 45 50 
163 179 197 
327 360 396 
160 176 194 
171 188 207 
274 301 331 
122 134 147 
343 377 415 
277 305 336 
146 161 177 
178 196 216 
462 508 559 
185 204 224 
251 276 304 
136 150 165 
469 516 568 
497 547 602 
56 62 68 
58 64 70 
103 113 124 
223 245 270 
70 77 85 
103 113 124 
339 373 410 
<worker costs>
100
85
72
<end>