<number of tasks>
50
<cycle time>
1000
<precedence relations>
1 3
2 3
2 4
3 5
3 6
4 5
4 6
5 7
6 7
7 8
7 9
7 10
8 11
8 12
8 13
9 11
9 12
9 13
10 11
10 12
10 13
11 21
11 22
12 17
12 20
13 14
13 15
13 16
14 17
14 18
14 19
14 20
15 17
15 18
15 19
15 20
16 17
16 18
16 19
16 20
17 21
17 22
17 23
18 21
18 22
18 23
19 21
19 22
19 23
20 21
20 22
20 23
21 24
21 25
22 24
22 25
23 24
23 25
24 26
24 27
24 28
25 26
25 27
26 33
27 30
28 29
28 30
29 31
29 32
29 33
30 31
31 34
32 34
32 35
32 36
33 34
33 35
33 36
34 37
34 38
35 37
35 38
36 41
37 42
37 44
38 39
38 40
38 41
39 43
39 45
39 46
39 47
41 44
42 45
42 47
43 49
44 49
44 50
46 48
46 49
47 48
47 50
<type workers>
3
<task types>
1
1
1
1
1
1
1
1
1
1
2
2
2
2
2
2
2
2
2
2
2
2
2
2
2
3
3
3
3
3
3
3
3
3
3
3
3
3
3
3
3
3
3
3
3
3
3
3
3
3
<task times>
143 INF INF 
224 INF INF 
98 INF INF 
81 INF INF 
57 INF INF 
210 INF INF 
226 INF INF 
269 INF INF 
162 INF INF 
200 INF INF 
75 83 INF 
212 233 INF 
114 125 INF 
103 113 INF 
181 199 INF 
135 149 INF 
130 143 INF 
62 68 INF 
260 286 INF 
247 272 INF 
116 128 INF 
223 245 INF 
151 166 INF 
57 63 INF 
242 266 INF 
341 375 413 
72 79 87 
228 251 276 
48 53 58 
64 70 77 
209 230 253 
80 88 97 
113 124 136 
207 228 251 
138 152 167 
247 272 299 
164 180 198 
190 209 230 
126 139 153 
93 102 112 
39 43 47 
84 92 101 
230 253 278 
114 125 138 
78 86 95 
168 185 204 
144 158 174 
129 142 156 
185 204 224 
94 103 113 
<worker costs>
100
85
72
<end>