<number of tasks>
50
<cycle time>
1000
<precedence relations>
1 3
1 4
2 3
2 4
3 5
3 6
3 7
3 8
4 5
4 6
4 7
4 8
5 9
5 10
5 11
5 12
6 9
6 10
6 11
6 12
7 9
7 10
7 11
7 12
8 9
8 10
8 11
8 12
9 13
9 14
9 15
10 13
10 14
10 15
11 13
11 14
11 15
12 13
12 14
12 15
13 16
13 17
13 18
14 16
14 17
14 18
15 16
15 17
15 18
16 19
16 20
17 19
17 20
18 19
18 20
19 21
19 22
20 21
20 22
21 23
21 24
22 23
22 24
23 25
23 26
23 27
23 28
24 25
24 26
24 27
24 28
25 29
26 38
26 39
26 40
26 41
27 29
28 29
29 30
29 31
30 32
30 33
31 32
31 33
31 34
32 35
32 36
32 37
32 38
33 35
33 36
33 38
34 35
34 38
34 40
34 41
35 39
36 39
37 40
37 41
38 42
38 47
38 48
39 43
40 42
41 44
41 47
42 46
43 45
44 49
45 47
45 48
45 49
45 50
<type workers>
3
<task types>
1
1
1
1
1
1
1
1
1
1
2
2
2
2
2
2
2
2
2
2
2
2
2
2
2
3
3
3
3
3
3
3
3
3
3
3
3
3
3
3
3
3
3
3
3
3
3
3
3
3
<task times>
715 INF INF 
413 INF INF 
215 INF INF 
546 INF INF 
395 INF INF 
479 INF INF 
725 INF INF 
524 INF INF 
617 INF INF 
432 INF INF 
591 650 INF 
684 752 INF 
702 772 INF 
504 554 INF 
421 463 INF 
709 780 INF 
490 539 INF 
356 392 INF 
586 645 INF 
368 405 INF 
595 655 INF 
506 557 INF 
467 514 INF 
448 493 INF 
607 668 INF 
800 880 968 
385 424 466 
479 527 580 
508 559 615 
443 487 536 
416 458 504 
616 678 746 
497 547 602 
210 231 254 
408 449 494 
584 642 706 
827 910 1001 
492 541 595 
549 604 664 
586 645 710 
649 714 785 
356 392 431 
405 446 491 
611 672 739 
522 574 631 
610 671 738 
499 549 604 
338 372 409 
606 667 734 
457 503 553 
<worker costs>
100
85
72
<end>