<number of tasks>
20
<cycle time>
1000
<precedence relations>
1 3
1 4
2 5
2 6
2 7
3 5
3 6
3 7
4 5
4 6
4 7
5 8
5 9
5 10
6 8
6 9
6 10
7 8
7 9
7 10
8 11
8 12
9 11
9 14
9 15
10 11
10 12
11 17
12 13
12 14
12 15
13 16
14 19
14 20
16 17
16 18
17 20
18 19
<type workers>
3
<task types>
1
1
1
1
2
2
2
2
2
2
3
3
3
3
3
3
3
3
3
3
<task times>
482 INF INF 
623 INF INF 
454 INF INF 
374 INF INF 
490 539 INF 
463 509 INF 
622 684 INF 
350 385 INF 
547 602 INF 
352 387 INF 
521 573 630 
602 662 728 
471 518 570 
552 607 668 
626 689 758 
375 413 454 
512 563 619 
678 746 821 
344 378 416 
324 356 392 
<worker costs>
100
85
72
<end>