<number of tasks>
50
<cycle time>
1000
<precedence relations>
1 14
2 12
3 10
3 11
3 13
4 47
6 9
6 34
9 16
9 17
9 19
11 18
11 21
13 15
13 20
15 22
15 24
16 25
18 23
18 26
19 24
20 30
22 26
22 27
23 28
23 30
23 31
23 32
24 27
24 29
26 37
27 35
29 36
30 34
31 33
31 50
34 38
35 41
35 43
36 39
37 40
37 42
38 49
39 47
40 48
41 46
42 44
42 45
43 50
<type workers>
1
<task types>
1
1
1
1
1
1
1
1
1
1
1
1
1
1
1
1
1
1
1
1
1
1
1
1
1
1
1
1
1
1
1
1
1
1
1
1
1
1
1
1
1
1
1
1
1
1
1
1
1
1
<task times>
241
258
397
441
339
293
537
599
599
402
651
532
306
356
435
588
452
357
639
316
468
612
630
540
448
605
533
260
510
755
506
609
640
424
556
579
404
606
549
440
636
322
459
627
581
403
535
579
589
746
<worker costs>
100
<end>