<number of tasks>
50
<cycle time>
1000
<precedence relations>
1 41
2 42
4 21
4 49
5 12
7 23
8 10
8 29
9 11
9 13
10 16
10 18
11 14
11 15
11 18
11 19
13 17
13 20
13 32
14 25
15 21
15 49
16 26
18 23
18 28
18 34
18 37
19 22
19 24
20 27
20 45
21 29
21 30
22 32
22 35
23 46
24 31
25 33
25 34
25 36
25 42
29 37
29 42
30 37
30 41
32 38
32 39
33 40
34 43
38 45
42 44
42 46
43 45
44 47
44 50
45 48
45 49
<type workers>
1
<task types>
1
1
1
1
1
1
1
1
1
1
1
1
1
1
1
1
1
1
1
1
1
1
1
1
1
1
1
1
1
1
1
1
1
1
1
1
1
1
1
1
1
1
1
1
1
1
1
1
1
1
<task times>
483
345
456
152
209
145
450
115
197
318
71
98
24
509
485
200
150
93
84
152
175
534
84
234
260
220
521
176
501
508
198
377
249
445
162
128
62
103
504
84
241
460
273
200
109
310
366
206
352
160
<worker costs>
100
<end>