<number of tasks>
50
<cycle time>
1000
<precedence relations>
1 5
2 6
3 4
3 7
3 8
3 9
4 12
4 43
5 11
5 13
5 15
5 16
5 18
6 10
6 17
7 14
7 19
8 25
9 33
9 46
11 46
13 33
14 23
14 24
14 25
15 21
15 23
15 40
15 47
15 49
17 30
18 37
19 20
19 22
19 23
20 29
20 31
22 29
22 30
22 32
23 44
24 26
24 27
24 28
26 37
26 39
28 41
29 34
29 38
31 33
31 36
31 41
32 35
32 44
33 42
33 44
34 40
34 42
34 45
34 47
35 41
36 43
36 46
39 49
45 48
45 49
46 50
<type workers>
1
<task types>
1
1
1
1
1
1
1
1
1
1
1
1
1
1
1
1
1
1
1
1
1
1
1
1
1
1
1
1
1
1
1
1
1
1
1
1
1
1
1
1
1
1
1
1
1
1
1
1
1
1
<task times>
29
522
197
206
73
558
109
87
109
324
70
29
50
231
333
55
220
210
355
260
462
124
235
124
485
35
214
512
118
104
239
514
202
224
177
221
156
414
575
99
36
118
84
595
57
22
115
521
62
129
<worker costs>
100
<end>