<number of tasks>
50
<cycle time>
1000
<precedence relations>
1 3
1 4
1 9
1 12
2 5
2 6
2 7
2 8
3 10
3 21
4 32
5 12
5 13
6 10
6 11
6 17
6 19
6 21
7 12
8 10
8 11
8 12
9 25
10 14
10 16
11 20
11 46
12 15
12 16
12 18
12 19
12 20
12 21
13 14
13 17
13 19
13 21
14 22
14 23
15 23
15 33
16 22
16 23
17 22
17 23
18 26
20 27
20 47
21 22
21 35
22 25
22 26
22 39
23 24
24 28
24 29
24 31
25 46
25 50
26 27
26 29
27 31
27 33
28 30
28 34
28 35
29 30
29 32
29 40
30 37
30 38
30 48
31 41
32 36
32 45
34 42
35 39
36 42
37 41
37 43
37 44
38 45
39 40
39 44
41 49
42 46
42 48
42 49
43 45
43 47
43 50
44 46
<type workers>
1
<task types>
1
1
1
1
1
1
1
1
1
1
1
1
1
1
1
1
1
1
1
1
1
1
1
1
1
1
1
1
1
1
1
1
1
1
1
1
1
1
1
1
1
1
1
1
1
1
1
1
1
1
<task times>
245
128
120
183
201
202
82
160
109
35
102
210
207
136
29
34
279
219
219
32
120
141
321
265
219
88
156
168
172
33
145
167
30
91
152
54
178
175
189
180
222
62
144
112
318
379
247
146
143
192
<worker costs>
100
<end>