<number of tasks>
50
<cycle time>
1000
<precedence relations>
1 9
2 8
3 8
4 10
4 12
5 8
6 11
6 13
7 13
7 32
8 14
8 15
8 24
8 31
9 21
9 22
9 29
10 30
11 17
11 18
12 14
12 15
12 16
12 18
12 22
13 20
13 21
13 35
14 20
14 21
15 19
15 35
15 36
15 39
16 19
16 21
16 23
17 19
17 21
17 22
17 24
18 19
18 20
18 21
18 25
19 41
20 27
20 34
21 39
21 41
22 25
23 24
23 26
24 32
24 34
24 36
24 39
25 28
25 30
26 28
26 29
26 30
27 33
28 33
28 34
28 35
29 32
29 34
29 35
30 31
30 32
30 35
30 36
31 38
31 39
34 37
34 38
36 38
36 45
38 41
39 40
39 42
40 45
41 43
41 44
41 46
42 44
43 50
44 47
44 48
44 49
44 50
45 49
<type workers>
1
<task types>
1
1
1
1
1
1
1
1
1
1
1
1
1
1
1
1
1
1
1
1
1
1
1
1
1
1
1
1
1
1
1
1
1
1
1
1
1
1
1
1
1
1
1
1
1
1
1
1
1
1
<task times>
354
134
145
42
166
90
84
341
214
158
244
43
76
44
39
230
62
136
60
110
78
90
25
114
133
219
164
21
68
225
47
125
114
21
149
62
112
51
129
203
65
60
243
128
24
58
219
161
61
25
<worker costs>
100
<end>