<number of tasks>
50
<cycle time>
1000
<precedence relations>
1 5
1 6
1 7
2 5
2 8
3 8
3 10
4 10
5 9
6 9
6 10
7 9
7 10
8 9
9 11
9 12
9 13
9 14
10 21
12 17
13 15
13 16
13 27
14 15
14 16
15 20
15 21
16 21
17 18
17 19
17 22
17 24
17 26
18 27
18 28
19 49
20 24
21 23
21 24
21 26
21 44
22 25
23 29
23 40
24 28
25 29
25 30
25 38
27 31
27 47
27 48
28 32
28 33
28 34
29 35
29 37
30 31
30 34
30 36
31 42
31 44
31 45
32 38
33 41
34 39
34 40
34 49
35 41
35 42
35 43
37 39
38 47
39 48
40 46
42 46
43 50
45 49
<type workers>
1
<task types>
1
1
1
1
1
1
1
1
1
1
1
1
1
1
1
1
1
1
1
1
1
1
1
1
1
1
1
1
1
1
1
1
1
1
1
1
1
1
1
1
1
1
1
1
1
1
1
1
1
1
<task times>
245
245
61
242
132
200
51
96
192
210
100
174
116
153
67
75
208
293
36
80
146
137
235
86
154
50
55
203
44
291
96
56
196
194
64
267
80
133
110
73
69
88
113
331
175
119
127
139
24
150
<worker costs>
100
<end>