<number of tasks>
50
<cycle time>
1000
<precedence relations>
1 7
1 8
2 7
2 11
3 7
3 10
4 7
4 9
5 7
5 8
5 11
5 19
6 7
6 8
6 14
7 13
7 15
8 22
8 34
8 36
9 14
9 16
10 12
10 14
10 17
11 17
12 16
12 18
12 19
12 23
13 16
13 17
13 20
14 37
14 49
16 22
16 24
16 25
16 29
17 21
17 23
17 24
18 21
18 37
18 39
18 40
19 24
20 28
20 30
21 31
21 41
21 44
23 26
23 29
23 36
23 38
23 39
24 27
24 28
24 30
25 36
26 31
26 37
27 32
28 32
28 33
28 34
30 31
30 43
30 48
30 49
31 34
32 36
32 37
33 35
33 38
34 42
34 46
35 39
36 40
36 41
37 41
37 50
39 42
39 44
39 46
40 45
40 50
41 43
41 46
42 47
44 47
44 49
44 50
45 48
45 49
<type workers>
1
<task types>
1
1
1
1
1
1
1
1
1
1
1
1
1
1
1
1
1
1
1
1
1
1
1
1
1
1
1
1
1
1
1
1
1
1
1
1
1
1
1
1
1
1
1
1
1
1
1
1
1
1
<task times>
258
478
461
713
697
503
578
599
455
538
331
512
748
800
551
424
447
448
440
436
722
502
439
376
352
285
448
384
722
399
638
430
342
408
473
480
435
427
350
706
466
581
399
596
560
465
428
563
599
348
<worker costs>
100
<end>