<number of tasks>
50
<cycle time>
1000
<precedence relations>
1 10
1 15
1 21
2 21
3 8
3 18
4 15
5 10
5 11
6 7
6 8
6 9
7 12
7 14
8 12
8 15
9 12
9 13
9 14
10 13
10 23
11 12
11 13
12 17
12 19
13 16
13 18
13 24
14 15
15 20
17 25
18 31
18 34
18 37
18 41
19 21
19 31
20 22
20 25
20 26
20 36
21 23
21 24
22 45
22 46
23 27
24 45
24 46
24 47
25 28
25 30
25 39
26 28
26 35
26 41
27 29
27 30
27 32
27 35
28 29
28 31
28 33
28 34
29 37
31 50
32 36
32 37
32 39
33 37
33 42
34 42
34 47
35 38
36 41
37 40
37 43
37 44
38 42
38 44
39 48
40 47
40 49
42 45
42 46
42 48
43 50
<type workers>
1
<task types>
1
1
1
1
1
1
1
1
1
1
1
1
1
1
1
1
1
1
1
1
1
1
1
1
1
1
1
1
1
1
1
1
1
1
1
1
1
1
1
1
1
1
1
1
1
1
1
1
1
1
<task times>
549
600
512
382
437
452
442
278
381
667
649
501
716
334
375
489
483
691
435
464
435
467
489
549
223
332
572
510
541
327
573
674
484
514
514
648
496
808
478
473
444
487
470
454
499
433
486
571
830
347
<worker costs>
100
<end>