<number of tasks>
50
<cycle time>
1000
<precedence relations>
2 6
2 7
3 5
3 8
3 15
4 9
4 10
5 11
5 12
5 17
6 11
6 14
6 15
7 12
7 16
7 20
8 13
9 15
9 23
10 12
10 13
10 14
11 18
11 20
12 18
12 19
13 16
13 18
13 20
14 16
14 17
15 25
16 31
17 21
17 36
18 21
18 22
18 23
19 21
19 23
20 37
21 24
21 27
21 29
22 25
22 26
23 24
23 25
23 28
23 41
24 30
24 31
24 44
24 46
25 30
25 34
26 32
26 35
27 34
27 41
29 33
30 37
30 38
31 37
32 36
33 50
34 35
35 42
35 44
36 41
37 39
37 45
38 40
38 43
39 49
41 45
41 46
42 50
45 47
45 48
45 49
46 50
<type workers>
1
<task types>
1
1
1
1
1
1
1
1
1
1
1
1
1
1
1
1
1
1
1
1
1
1
1
1
1
1
1
1
1
1
1
1
1
1
1
1
1
1
1
1
1
1
1
1
1
1
1
1
1
1
<task times>
393
455
521
692
375
371
406
284
434
416
512
598
294
489
397
412
597
613
627
552
492
569
432
611
635
602
340
366
621
495
493
550
351
473
395
343
442
715
512
644
641
759
488
434
329
569
374
346
694
684
<worker costs>
100
<end>