<number of tasks>
50
<cycle time>
1000
<precedence relations>
1 8
1 12
2 9
3 6
3 7
4 6
4 10
5 6
5 7
5 8
5 13
6 12
6 23
7 11
7 22
8 11
8 17
9 13
10 11
10 22
11 14
11 15
11 29
12 14
12 16
12 18
12 24
13 14
13 17
13 32
13 33
15 23
15 24
16 21
16 22
16 26
16 28
17 19
17 35
17 46
18 19
18 20
18 41
19 25
19 27
20 27
20 28
21 29
21 33
22 27
22 47
23 27
23 28
23 36
24 25
24 26
25 34
26 30
26 32
26 33
26 34
27 30
27 45
28 31
29 40
31 34
31 38
32 35
32 36
32 37
33 38
33 39
33 40
33 47
34 39
34 40
34 49
35 39
35 40
36 41
37 39
37 42
37 43
38 42
40 45
40 48
41 44
41 47
42 46
43 45
43 48
43 49
45 50
46 50
47 49
48 50
<type workers>
1
<task types>
1
1
1
1
1
1
1
1
1
1
1
1
1
1
1
1
1
1
1
1
1
1
1
1
1
1
1
1
1
1
1
1
1
1
1
1
1
1
1
1
1
1
1
1
1
1
1
1
1
1
<task times>
303
69
37
249
34
194
237
276
285
188
45
49
514
537
182
205
108
285
74
38
224
395
182
508
161
64
185
493
331
41
309
241
79
191
119
223
283
30
404
410
217
149
29
548
167
35
203
202
375
99
<worker costs>
100
<end>