<number of tasks>
50
<cycle time>
1000
<precedence relations>
1 4
1 5
1 6
2 4
2 5
2 6
3 4
3 5
3 6
4 7
5 7
6 7
7 8
7 9
7 10
8 11
8 12
8 13
9 11
9 12
9 13
10 11
10 12
10 13
11 14
11 15
12 14
12 15
13 14
13 15
14 16
14 17
14 18
15 16
15 17
15 18
16 19
16 20
16 21
17 19
17 20
17 21
18 19
18 20
18 21
19 22
19 23
20 22
20 23
21 22
22 24
22 25
23 24
23 25
24 26
24 27
24 28
25 29
25 30
25 31
26 29
26 30
26 31
27 29
28 29
28 32
28 33
29 38
30 32
30 33
31 32
31 33
32 34
32 35
32 36
33 34
33 35
33 36
33 37
34 38
34 39
34 40
35 38
36 40
36 44
37 38
37 42
38 43
38 44
38 45
39 42
39 46
40 41
40 45
42 45
42 47
44 46
44 47
45 48
45 49
45 50
46 48
<type workers>
1
<task types>
1
1
1
1
1
1
1
1
1
1
1
1
1
1
1
1
1
1
1
1
1
1
1
1
1
1
1
1
1
1
1
1
1
1
1
1
1
1
1
1
1
1
1
1
1
1
1
1
1
1
<task times>
304
148
34
99
47
136
143
72
115
201
30
121
120
57
35
61
128
164
63
115
194
107
88
348
71
49
71
71
322
117
317
63
26
32
222
210
82
113
59
52
45
164
82
134
166
149
135
48
70
117
<worker costs>
100
<end>