<number of tasks>
50
<cycle time>
1000
<precedence relations>
1 4
1 5
1 6
1 7
2 4
2 5
2 6
2 7
3 4
3 5
3 6
3 7
4 8
4 9
4 10
5 8
5 9
5 10
6 8
6 9
6 10
7 8
7 9
7 10
8 11
9 11
10 11
11 12
11 13
11 14
12 15
12 16
12 17
13 15
13 16
13 17
14 15
14 16
15 19
16 18
16 19
17 18
17 19
18 20
18 21
18 22
19 21
19 22
20 23
20 24
21 23
22 23
22 24
23 25
23 26
23 27
24 25
24 26
24 27
25 28
25 29
26 28
26 29
27 28
28 30
28 31
28 32
29 30
29 31
30 33
30 34
31 35
32 44
32 46
33 35
33 37
33 38
34 35
34 36
34 37
34 38
34 39
35 40
35 41
35 45
36 48
36 50
37 42
38 40
38 42
39 48
40 46
40 47
42 43
42 44
43 45
43 46
44 47
45 49
46 48
46 49
46 50
<type workers>
1
<task types>
1
1
1
1
1
1
1
1
1
1
1
1
1
1
1
1
1
1
1
1
1
1
1
1
1
1
1
1
1
1
1
1
1
1
1
1
1
1
1
1
1
1
1
1
1
1
1
1
1
1
<task times>
432
385
259
479
728
544
472
611
413
491
490
561
363
449
442
268
377
590
535
403
567
519
404
382
742
636
447
389
664
515
388
498
812
656
548
528
369
484
497
522
302
408
572
477
563
443
442
509
406
533
<worker costs>
100
<end>