<number of tasks>
50
<cycle time>
1000
<precedence relations>
1 3
1 4
1 5
2 3
2 4
2 5
3 6
3 7
3 8
3 9
4 6
4 7
4 8
4 9
5 6
5 7
5 8
5 9
6 10
6 11
6 12
7 10
7 11
7 12
8 10
8 11
8 12
9 10
9 11
9 12
10 13
10 14
10 15
11 13
11 14
11 15
12 13
12 14
12 15
13 16
13 17
14 16
14 17
15 16
15 17
16 18
16 19
17 18
17 19
18 20
18 21
18 22
18 23
19 20
19 21
19 22
19 23
20 24
20 25
21 24
21 25
22 24
22 25
23 24
23 25
24 26
24 27
24 28
25 26
25 27
25 28
26 29
26 39
27 30
27 32
28 29
28 30
28 31
29 35
29 37
30 45
30 46
31 33
31 35
32 34
32 35
32 39
33 36
33 38
33 39
34 37
34 45
35 36
35 38
36 42
36 45
38 41
39 40
39 41
40 43
40 44
41 43
41 44
42 49
44 45
44 46
45 47
45 48
46 47
47 49
47 50
<type workers>
1
<task types>
1
1
1
1
1
1
1
1
1
1
1
1
1
1
1
1
1
1
1
1
1
1
1
1
1
1
1
1
1
1
1
1
1
1
1
1
1
1
1
1
1
1
1
1
1
1
1
1
1
1
<task times>
441
344
571
672
539
481
469
513
394
371
556
501
417
484
215
580
602
553
472
299
484
493
610
525
503
357
453
537
408
618
427
503
577
589
447
666
389
569
589
514
356
580
589
387
509
606
484
479
503
388
<worker costs>
100
<end>