<number of tasks>
50
<cycle time>
1000
<precedence relations>
1 5
1 6
1 7
1 8
2 5
2 6
2 7
2 8
3 5
3 6
3 7
3 8
4 5
4 6
4 7
4 8
5 9
5 10
6 9
6 10
7 9
7 10
8 9
8 10
9 11
9 12
10 11
10 12
11 13
11 14
12 13
12 14
13 15
13 16
14 15
14 16
15 17
16 17
17 18
17 19
17 20
18 21
18 22
18 23
19 21
19 22
19 23
20 21
20 22
20 23
21 24
21 25
21 26
21 27
22 24
22 25
22 26
22 27
23 24
23 25
23 26
23 27
24 28
24 29
24 30
25 28
25 29
25 30
26 28
26 29
27 30
28 31
28 33
29 34
29 37
30 32
30 36
31 36
32 35
33 50
34 35
35 38
35 39
36 37
36 39
36 40
37 41
38 40
38 41
38 47
39 42
40 44
41 45
42 43
43 47
44 50
45 46
46 48
46 49
46 50
47 48
47 50
<type workers>
1
<task types>
1
1
1
1
1
1
1
1
1
1
1
1
1
1
1
1
1
1
1
1
1
1
1
1
1
1
1
1
1
1
1
1
1
1
1
1
1
1
1
1
1
1
1
1
1
1
1
1
1
1
<task times>
151
32
51
322
278
220
71
543
140
216
213
194
90
138
61
41
118
505
112
177
119
198
198
119
102
65
45
325
97
97
129
131
93
411
496
531
493
201
59
70
142
209
563
70
306
225
53
136
48
107
<worker costs>
100
<end>