<number of tasks>
50
<cycle time>
1000
<precedence relations>
1 9
1 11
1 21
3 8
3 10
3 29
4 12
4 20
4 38
4 48
5 37
7 13
7 14
7 23
9 15
10 17
10 19
12 21
12 23
12 32
13 35
13 47
14 16
14 18
14 20
16 30
16 48
17 38
18 24
19 23
20 22
20 27
20 33
22 26
22 28
24 25
24 27
24 29
24 30
24 31
25 33
25 38
26 44
27 37
27 50
28 32
29 35
29 36
29 41
29 43
31 34
31 38
31 45
33 43
34 40
35 39
35 42
36 45
37 41
37 44
39 46
39 48
41 47
44 46
45 46
45 49
45 50
<type workers>
3
<task types>
1
1
1
1
1
1
1
1
1
1
2
2
2
2
2
2
2
2
2
2
2
2
2
2
2
3
3
3
3
3
3
3
3
3
3
3
3
3
3
3
3
3
3
3
3
3
3
3
3
3
<task times>
271 INF INF 
108 INF INF 
26 INF INF 
42 INF INF 
47 INF INF 
119 INF INF 
199 INF INF 
99 INF INF 
46 INF INF 
134 INF INF 
155 186 INF 
95 114 INF 
95 114 INF 
120 144 INF 
78 94 INF 
111 133 INF 
311 373 INF 
73 88 INF 
82 98 INF 
73 88 INF 
155 186 INF 
122 146 INF 
79 95 INF 
142 170 INF 
54 65 INF 
107 128 154 
217 260 312 
104 125 150 
149 179 215 
115 138 166 
283 340 408 
220 264 317 
237 284 341 
104 125 150 
203 244 293 
117 140 168 
261 313 376 
90 108 130 
39 47 56 
137 164 197 
177 212 254 
146 175 210 
190 228 274 
79 95 114 
61 73 88 
89 107 128 
131 157 188 
122 146 175 
169 203 244 
124 149 179 
<worker costs>
100
85
72
<end>