<number of tasks>
50
<cycle time>
1000
<precedence relations>
1 7
2 11
2 12
3 8
3 9
3 29
4 35
6 10
6 13
7 19
7 44
8 17
8 21
9 14
9 20
10 15
12 15
12 16
13 18
16 23
16 25
19 22
20 24
20 49
22 26
22 28
23 29
25 27
25 41
26 32
26 34
26 36
26 41
27 31
28 33
29 30
29 33
29 35
29 37
30 39
31 38
31 42
33 50
34 45
37 40
37 41
38 44
38 49
39 45
39 48
39 50
41 43
41 46
41 47
<type workers>
3
<task types>
1
1
1
1
1
1
1
1
1
1
2
2
2
2
2
2
2
2
2
2
2
2
2
2
2
3
3
3
3
3
3
3
3
3
3
3
3
3
3
3
3
3
3
3
3
3
3
3
3
3
<task times>
44 INF INF 
150 INF INF 
149 INF INF 
165 INF INF 
282 INF INF 
88 INF INF 
195 INF INF 
21 INF INF 
83 INF INF 
175 INF INF 
194 233 INF 
241 289 INF 
186 223 INF 
87 104 INF 
104 125 INF 
118 142 INF 
305 366 INF 
117 140 INF 
100 120 INF 
26 31 INF 
227 272 INF 
224 269 INF 
137 164 INF 
276 331 INF 
98 118 INF 
189 227 272 
98 118 142 
100 120 144 
238 286 343 
147 176 211 
153 184 221 
156 187 224 
275 330 396 
156 187 224 
165 198 238 
111 133 160 
273 328 394 
111 133 160 
47 56 67 
94 113 136 
99 119 143 
43 52 62 
172 206 247 
176 211 253 
153 184 221 
162 194 233 
146 175 210 
34 41 49 
147 176 211 
66 79 95 
<worker costs>
100
85
72
<end>