<number of tasks>
50
<cycle time>
1000
<precedence relations>
1 14
2 12
3 10
3 11
3 13
4 47
6 9
6 34
9 16
9 17
9 19
11 18
11 21
13 15
13 20
15 22
15 24
16 25
18 23
18 26
19 24
20 30
22 26
22 27
23 28
23 30
23 31
23 32
24 27
24 29
26 37
27 35
29 36
30 34
31 33
31 50
34 38
35 41
35 43
36 39
37 40
37 42
38 49
39 47
40 48
41 46
42 44
42 45
43 50
<type workers>
3
<task types>
1
1
1
1
1
1
1
1
1
1
2
2
2
2
2
2
2
2
2
2
2
2
2
2
2
3
3
3
3
3
3
3
3
3
3
3
3
3
3
3
3
3
3
3
3
3
3
3
3
3
<task times>
241 INF INF 
258 INF INF 
397 INF INF 
441 INF INF 
339 INF INF 
293 INF INF 
537 INF INF 
599 INF INF 
599 INF INF 
402 INF INF 
651 781 INF 
532 638 INF 
306 367 INF 
356 427 INF 
435 522 INF 
588 706 INF 
452 542 INF 
357 428 INF 
639 767 INF 
316 379 INF 
468 562 INF 
612 734 INF 
630 756 INF 
540 648 INF 
448 538 INF 
605 726 871 
533 640 768 
260 312 374 
510 612 734 
755 906 1087 
506 607 728 
609 731 877 
640 768 922 
424 509 611 
556 667 800 
579 695 834 
404 485 582 
606 727 872 
549 659 791 
440 528 634 
636 763 916 
322 386 463 
459 551 661 
627 752 902 
581 697 836 
403 484 581 
535 642 770 
579 695 834 
589 707 848 
746 895 1074 
<worker costs>
100
85
72
<end>