<number of tasks>
50
<cycle time>
1000
<precedence relations>
1 41
2 42
4 21
4 49
5 12
7 23
8 10
8 29
9 11
9 13
10 16
10 18
11 14
11 15
11 18
11 19
13 17
13 20
13 32
14 25
15 21
15 49
16 26
18 23
18 28
18 34
18 37
19 22
19 24
20 27
20 45
21 29
21 30
22 32
22 35
23 46
24 31
25 33
25 34
25 36
25 42
29 37
29 42
30 37
30 41
32 38
32 39
33 40
34 43
38 45
42 44
42 46
43 45
44 47
44 50
45 48
45 49
<type workers>
3
<task types>
1
1
1
1
1
1
1
1
1
1
2
2
2
2
2
2
2
2
2
2
2
2
2
2
2
3
3
3
3
3
3
3
3
3
3
3
3
3
3
3
3
3
3
3
3
3
3
3
3
3
<task times>
483 INF INF 
345 INF INF 
456 INF INF 
152 INF INF 
209 INF INF 
145 INF INF 
450 INF INF 
115 INF INF 
197 INF INF 
318 INF INF 
71 85 INF 
98 118 INF 
24 29 INF 
509 611 INF 
485 582 INF 
200 240 INF 
150 180 INF 
93 112 INF 
84 101 INF 
152 182 INF 
175 210 INF 
534 641 INF 
84 101 INF 
234 281 INF 
260 312 INF 
220 264 317 
521 625 750 
176 211 253 
501 601 721 
508 610 732 
198 238 286 
377 452 542 
249 299 359 
445 534 641 
162 194 233 
128 154 185 
62 74 89 
103 124 149 
504 605 726 
84 101 121 
241 289 347 
460 552 662 
273 328 394 
200 240 288 
109 131 157 
310 372 446 
366 439 527 
206 247 296 
352 422 506 
160 192 230 
<worker costs>
100
85
72
<end>