<number of tasks>
50
<cycle time>
1000
<precedence relations>
1 5
2 6
3 4
3 7
3 8
3 9
4 12
4 43
5 11
5 13
5 15
5 16
5 18
6 10
6 17
7 14
7 19
8 25
9 33
9 46
11 46
13 33
14 23
14 24
14 25
15 21
15 23
15 40
15 47
15 49
17 30
18 37
19 20
19 22
19 23
20 29
20 31
22 29
22 30
22 32
23 44
24 26
24 27
24 28
26 37
26 39
28 41
29 34
29 38
31 33
31 36
31 41
32 35
32 44
33 42
33 44
34 40
34 42
34 45
34 47
35 41
36 43
36 46
39 49
45 48
45 49
46 50
<type workers>
3
<task types>
1
1
1
1
1
1
1
1
1
1
2
2
2
2
2
2
2
2
2
2
2
2
2
2
2
3
3
3
3
3
3
3
3
3
3
3
3
3
3
3
3
3
3
3
3
3
3
3
3
3
<task times>
29 INF INF 
522 INF INF 
197 INF INF 
206 INF INF 
73 INF INF 
558 INF INF 
109 INF INF 
87 INF INF 
109 INF INF 
324 INF INF 
70 84 INF 
29 35 INF 
50 60 INF 
231 277 INF 
333 400 INF 
55 66 INF 
220 264 INF 
210 252 INF 
355 426 INF 
260 312 INF 
462 554 INF 
124 149 INF 
235 282 INF 
124 149 INF 
485 582 INF 
35 42 50 
214 257 308 
512 614 737 
118 142 170 
104 125 150 
239 287 344 
514 617 740 
202 242 290 
224 269 323 
177 212 254 
221 265 318 
156 187 224 
414 497 596 
575 690 828 
99 119 143 
36 43 52 
118 142 170 
84 101 121 
595 714 857 
57 68 82 
22 26 31 
115 138 166 
521 625 750 
62 74 89 
129 155 186 
<worker costs>
100
85
72
<end>