<number of tasks>
50
<cycle time>
1000
<precedence relations>
1 9
2 8
3 8
4 10
4 12
5 8
6 11
6 13
7 13
7 32
8 14
8 15
8 24
8 31
9 21
9 22
9 29
10 30
11 17
11 18
12 14
12 15
12 16
12 18
12 22
13 20
13 21
13 35
14 20
14 21
15 19
15 35
15 36
15 39
16 19
16 21
16 23
17 19
17 21
17 22
17 24
18 19
18 20
18 21
18 25
19 41
20 27
20 34
21 39
21 41
22 25
23 24
23 26
24 32
24 34
24 36
24 39
25 28
25 30
26 28
26 29
26 30
27 33
28 33
28 34
28 35
29 32
29 34
29 35
30 31
30 32
30 35
30 36
31 38
31 39
34 37
34 38
36 38
36 45
38 41
39 40
39 42
40 45
41 43
41 44
41 46
42 44
43 50
44 47
44 48
44 49
44 50
45 49
<type workers>
3
<task types>
1
1
1
1
1
1
1
1
1
1
2
2
2
2
2
2
2
2
2
2
2
2
2
2
2
3
3
3
3
3
3
3
3
3
3
3
3
3
3
3
3
3
3
3
3
3
3
3
3
3
<task times>
354 INF INF 
134 INF INF 
145 INF INF 
42 INF INF 
166 INF INF 
90 INF INF 
84 INF INF 
341 INF INF 
214 INF INF 
158 INF INF 
244 293 INF 
43 52 INF 
76 91 INF 
44 53 INF 
39 47 INF 
230 276 INF 
62 74 INF 
136 163 INF 
60 72 INF 
110 132 INF 
78 94 INF 
90 108 INF 
25 30 INF 
114 137 INF 
133 160 INF 
219 263 316 
164 197 236 
21 25 30 
68 82 98 
225 270 324 
47 56 67 
125 150 180 
114 137 164 
21 25 30 
149 179 215 
62 74 89 
112 134 161 
51 61 73 
129 155 186 
203 244 293 
65 78 94 
60 72 86 
243 292 350 
128 154 185 
24 29 35 
58 70 84 
219 263 316 
161 193 232 
61 73 88 
25 30 36 
<worker costs>
100
85
72
<end>