<number of tasks>
50
<cycle time>
1000
<precedence relations>
1 5
1 6
1 7
2 5
2 8
3 8
3 10
4 10
5 9
6 9
6 10
7 9
7 10
8 9
9 11
9 12
9 13
9 14
10 21
12 17
13 15
13 16
13 27
14 15
14 16
15 20
15 21
16 21
17 18
17 19
17 22
17 24
17 26
18 27
18 28
19 49
20 24
21 23
21 24
21 26
21 44
22 25
23 29
23 40
24 28
25 29
25 30
25 38
27 31
27 47
27 48
28 32
28 33
28 34
29 35
29 37
30 31
30 34
30 36
31 42
31 44
31 45
32 38
33 41
34 39
34 40
34 49
35 41
35 42
35 43
37 39
38 47
39 48
40 46
42 46
43 50
45 49
<type workers>
3
<task types>
1
1
1
1
1
1
1
1
1
1
2
2
2
2
2
2
2
2
2
2
2
2
2
2
2
3
3
3
3
3
3
3
3
3
3
3
3
3
3
3
3
3
3
3
3
3
3
3
3
3
<task times>
245 INF INF 
245 INF INF 
61 INF INF 
242 INF INF 
132 INF INF 
200 INF INF 
51 INF INF 
96 INF INF 
192 INF INF 
210 INF INF 
100 120 INF 
174 209 INF 
116 139 INF 
153 184 INF 
67 80 INF 
75 90 INF 
208 250 INF 
293 352 INF 
36 43 INF 
80 96 INF 
146 175 INF 
137 164 INF 
235 282 INF 
86 103 INF 
154 185 INF 
50 60 72 
55 66 79 
203 244 293 
44 53 64 
291 349 419 
96 115 138 
56 67 80 
196 235 282 
194 233 280 
64 77 92 
267 320 384 
80 96 115 
133 160 192 
110 132 158 
73 88 106 
69 83 100 
88 106 127 
113 136 163 
331 397 476 
175 210 252 
119 143 172 
127 152 182 
139 167 200 
24 29 35 
150 180 216 
<worker costs>
100
85
72
<end>