<number of tasks>
50
<cycle time>
1000
<precedence relations>
1 5
2 5
2 8
2 9
3 9
4 6
4 7
5 12
5 13
6 19
6 22
7 10
7 12
8 10
8 14
9 11
9 26
9 32
10 40
11 22
11 39
11 40
12 15
13 29
13 39
14 15
15 16
15 17
15 18
15 19
16 22
17 21
17 31
18 20
19 20
19 21
20 24
20 25
20 43
21 23
21 26
21 28
22 23
22 50
23 29
23 30
24 31
25 27
25 28
25 29
27 35
27 41
28 32
28 35
28 36
29 34
30 33
30 37
33 43
34 38
34 41
34 42
34 49
35 39
35 46
35 49
36 40
37 41
37 42
37 43
37 44
38 44
39 45
39 50
40 46
40 49
41 47
42 45
42 46
43 48
43 49
<type workers>
3
<task types>
1
1
1
1
1
1
1
1
1
1
2
2
2
2
2
2
2
2
2
2
2
2
2
2
2
3
3
3
3
3
3
3
3
3
3
3
3
3
3
3
3
3
3
3
3
3
3
3
3
3
<task times>
666 INF INF 
541 INF INF 
385 INF INF 
565 INF INF 
566 INF INF 
409 INF INF 
509 INF INF 
572 INF INF 
355 INF INF 
352 INF INF 
386 463 INF 
408 490 INF 
404 485 INF 
393 472 INF 
570 684 INF 
703 844 INF 
618 742 INF 
486 583 INF 
424 509 INF 
581 697 INF 
388 466 INF 
336 403 INF 
626 751 INF 
390 468 INF 
417 500 INF 
377 452 542 
606 727 872 
669 803 964 
524 629 755 
549 659 791 
503 604 725 
455 546 655 
419 503 604 
382 458 550 
618 742 890 
512 614 737 
420 504 605 
519 623 748 
366 439 527 
239 287 344 
531 637 764 
460 552 662 
463 556 667 
338 406 487 
286 343 412 
740 888 1066 
619 743 892 
491 589 707 
488 586 703 
295 354 425 
<worker costs>
100
85
72
<end>