<number of tasks>
50
<cycle time>
1000
<precedence relations>
1 5
1 6
2 8
2 9
2 10
3 6
4 7
4 8
5 11
5 12
5 17
6 16
6 17
7 11
7 12
9 11
9 13
10 18
10 29
10 34
11 14
11 15
12 24
13 15
13 16
13 17
14 18
14 20
14 22
15 18
15 19
15 41
16 18
16 19
16 20
16 21
16 22
17 32
17 34
17 35
18 23
19 25
20 41
21 24
22 27
22 38
22 40
23 26
23 28
23 35
24 27
24 29
25 34
26 36
27 30
27 34
28 32
29 31
29 32
29 33
29 35
30 39
30 41
31 37
31 38
32 37
32 39
32 45
33 40
34 37
35 36
35 38
36 42
36 43
36 46
37 48
37 50
38 49
39 43
39 44
40 42
41 45
41 46
42 47
42 50
43 49
44 48
46 50
<type workers>
3
<task types>
1
1
1
1
1
1
1
1
1
1
2
2
2
2
2
2
2
2
2
2
2
2
2
2
2
3
3
3
3
3
3
3
3
3
3
3
3
3
3
3
3
3
3
3
3
3
3
3
3
3
<task times>
512 INF INF 
318 INF INF 
559 INF INF 
412 INF INF 
488 INF INF 
550 INF INF 
686 INF INF 
375 INF INF 
477 INF INF 
411 INF INF 
588 706 INF 
234 281 INF 
465 558 INF 
315 378 INF 
283 340 INF 
759 911 INF 
797 956 INF 
698 838 INF 
763 916 INF 
548 658 INF 
288 346 INF 
572 686 INF 
450 540 INF 
479 575 INF 
579 695 INF 
532 638 766 
123 148 178 
302 362 434 
593 712 854 
159 191 229 
455 546 655 
715 858 1030 
404 485 582 
508 610 732 
473 568 682 
662 794 953 
652 782 938 
517 620 744 
481 577 692 
444 533 640 
295 354 425 
328 394 473 
678 814 977 
652 782 938 
635 762 914 
524 629 755 
501 601 721 
445 534 641 
657 788 946 
620 744 893 
<worker costs>
100
85
72
<end>