<number of tasks>
50
<cycle time>
1000
<precedence relations>
1 4
2 6
3 4
3 5
4 7
4 8
4 9
5 8
5 9
5 24
6 7
6 9
6 10
7 11
7 12
7 13
8 14
8 29
8 35
9 12
9 15
9 30
10 11
10 12
10 13
11 14
11 15
11 16
11 17
11 18
11 19
12 18
12 34
13 17
13 20
13 42
13 43
14 21
15 21
15 22
16 21
16 22
16 23
16 24
18 32
18 33
19 23
19 48
20 33
20 37
20 40
21 25
21 26
21 28
22 25
22 27
22 29
22 43
23 37
23 45
24 25
24 28
24 30
25 31
25 33
25 34
26 32
27 35
27 38
28 32
28 33
28 38
28 39
29 31
29 33
29 37
29 38
29 39
29 46
30 32
31 42
32 36
32 37
32 41
33 44
33 49
34 38
35 39
35 40
36 43
37 50
40 45
41 45
42 44
43 45
43 46
43 49
43 50
44 47
44 48
44 50
<type workers>
3
<task types>
1
1
1
1
1
1
1
1
1
1
2
2
2
2
2
2
2
2
2
2
2
2
2
2
2
3
3
3
3
3
3
3
3
3
3
3
3
3
3
3
3
3
3
3
3
3
3
3
3
3
<task times>
125 INF INF 
461 INF INF 
28 INF INF 
188 INF INF 
123 INF INF 
484 INF INF 
196 INF INF 
257 INF INF 
165 INF INF 
259 INF INF 
32 38 INF 
216 259 INF 
168 202 INF 
131 157 INF 
43 52 INF 
243 292 INF 
195 234 INF 
547 656 INF 
272 326 INF 
322 386 INF 
477 572 INF 
165 198 INF 
34 41 INF 
76 91 INF 
59 71 INF 
489 587 704 
177 212 254 
122 146 175 
35 42 50 
80 96 115 
163 196 235 
374 449 539 
410 492 590 
622 746 895 
189 227 272 
85 102 122 
431 517 620 
114 137 164 
175 210 252 
549 659 791 
212 254 305 
199 239 287 
190 228 274 
571 685 822 
296 355 426 
575 690 828 
106 127 152 
252 302 362 
145 174 209 
59 71 85 
<worker costs>
100
85
72
<end>