<number of tasks>
50
<cycle time>
1000
<precedence relations>
1 4
1 6
1 7
2 4
2 5
2 6
2 7
3 4
3 5
3 6
3 7
4 8
4 9
4 10
4 12
5 8
5 9
5 10
5 11
5 12
6 8
6 9
6 10
6 11
7 8
7 9
7 10
7 11
7 12
8 13
9 13
9 14
10 18
10 19
11 13
11 14
12 13
12 14
13 15
13 16
13 17
14 15
14 16
14 17
15 18
15 19
16 18
16 19
17 18
17 19
18 20
18 21
18 22
19 20
19 21
19 22
20 23
21 23
22 23
23 24
24 25
24 26
24 27
24 28
25 29
25 30
26 29
26 30
27 29
27 30
28 29
28 30
29 31
29 32
29 33
30 31
30 32
30 33
31 35
32 34
32 35
32 39
33 35
33 36
33 37
34 46
35 38
36 38
36 39
38 40
38 41
39 42
39 46
39 48
40 43
40 46
41 43
41 44
41 45
42 43
42 44
42 47
43 49
45 47
45 48
45 49
46 47
47 50
49 50
<type workers>
3
<task types>
1
1
1
1
1
1
1
1
1
1
2
2
2
2
2
2
2
2
2
2
2
2
2
2
2
3
3
3
3
3
3
3
3
3
3
3
3
3
3
3
3
3
3
3
3
3
3
3
3
3
<task times>
272 INF INF 
203 INF INF 
205 INF INF 
22 INF INF 
229 INF INF 
145 INF INF 
145 INF INF 
193 INF INF 
114 INF INF 
143 INF INF 
231 277 INF 
231 277 INF 
59 71 INF 
254 305 INF 
36 43 INF 
185 222 INF 
239 287 INF 
70 84 INF 
185 222 INF 
86 103 INF 
69 83 INF 
125 150 INF 
231 277 INF 
157 188 INF 
132 158 INF 
54 65 78 
189 227 272 
29 35 42 
253 304 365 
150 180 216 
54 65 78 
176 211 253 
88 106 127 
55 66 79 
119 143 172 
39 47 56 
99 119 143 
67 80 96 
227 272 326 
100 120 144 
80 96 115 
73 88 106 
196 235 282 
176 211 253 
128 154 185 
128 154 185 
62 74 89 
62 74 89 
61 73 88 
271 325 390 
<worker costs>
100
85
72
<end>