<number of tasks>
50
<cycle time>
1000
<precedence relations>
1 4
1 5
1 6
2 4
2 5
2 6
3 4
3 5
3 6
4 7
5 7
6 7
7 8
7 9
7 10
8 11
8 12
8 13
9 11
9 12
9 13
10 11
10 12
10 13
11 14
11 15
12 14
12 15
13 14
13 15
14 16
14 17
14 18
15 16
15 17
15 18
16 19
16 20
16 21
17 19
17 20
17 21
18 19
18 20
18 21
19 22
19 23
20 22
20 23
21 22
22 24
22 25
23 24
23 25
24 26
24 27
24 28
25 29
25 30
25 31
26 29
26 30
26 31
27 29
28 29
28 32
28 33
29 38
30 32
30 33
31 32
31 33
32 34
32 35
32 36
33 34
33 35
33 36
33 37
34 38
34 39
34 40
35 38
36 40
36 44
37 38
37 42
38 43
38 44
38 45
39 42
39 46
40 41
40 45
42 45
42 47
44 46
44 47
45 48
45 49
45 50
46 48
<type workers>
3
<task types>
1
1
1
1
1
1
1
1
1
1
2
2
2
2
2
2
2
2
2
2
2
2
2
2
2
3
3
3
3
3
3
3
3
3
3
3
3
3
3
3
3
3
3
3
3
3
3
3
3
3
<task times>
304 INF INF 
148 INF INF 
34 INF INF 
99 INF INF 
47 INF INF 
136 INF INF 
143 INF INF 
72 INF INF 
115 INF INF 
201 INF INF 
30 36 INF 
121 145 INF 
120 144 INF 
57 68 INF 
35 42 INF 
61 73 INF 
128 154 INF 
164 197 INF 
63 76 INF 
115 138 INF 
194 233 INF 
107 128 INF 
88 106 INF 
348 418 INF 
71 85 INF 
49 59 71 
71 85 102 
71 85 102 
322 386 463 
117 140 168 
317 380 456 
63 76 91 
26 31 37 
32 38 46 
222 266 319 
210 252 302 
82 98 118 
113 136 163 
59 71 85 
52 62 74 
45 54 65 
164 197 236 
82 98 118 
134 161 193 
166 199 239 
149 179 215 
135 162 194 
48 58 70 
70 84 101 
117 140 168 
<worker costs>
100
85
72
<end>