<number of tasks>
50
<cycle time>
1000
<precedence relations>
1 3
1 4
1 5
2 3
2 4
2 5
3 6
3 7
3 8
3 9
4 6
4 7
4 8
4 9
5 6
5 7
5 8
5 9
6 10
6 11
6 12
7 10
7 11
7 12
8 10
8 11
8 12
9 10
9 11
9 12
10 13
10 14
10 15
11 13
11 14
11 15
12 13
12 14
12 15
13 16
13 17
14 16
14 17
15 16
15 17
16 18
16 19
17 18
17 19
18 20
18 21
18 22
18 23
19 20
19 21
19 22
19 23
20 24
20 25
21 24
21 25
22 24
22 25
23 24
23 25
24 26
24 27
24 28
25 26
25 27
25 28
26 29
26 39
27 30
27 32
28 29
28 30
28 31
29 35
29 37
30 45
30 46
31 33
31 35
32 34
32 35
32 39
33 36
33 38
33 39
34 37
34 45
35 36
35 38
36 42
36 45
38 41
39 40
39 41
40 43
40 44
41 43
41 44
42 49
44 45
44 46
45 47
45 48
46 47
47 49
47 50
<type workers>
3
<task types>
1
1
1
1
1
1
1
1
1
1
2
2
2
2
2
2
2
2
2
2
2
2
2
2
2
3
3
3
3
3
3
3
3
3
3
3
3
3
3
3
3
3
3
3
3
3
3
3
3
3
<task times>
441 INF INF 
344 INF INF 
571 INF INF 
672 INF INF 
539 INF INF 
481 INF INF 
469 INF INF 
513 INF INF 
394 INF INF 
371 INF INF 
556 667 INF 
501 601 INF 
417 500 INF 
484 581 INF 
215 258 INF 
580 696 INF 
602 722 INF 
553 664 INF 
472 566 INF 
299 359 INF 
484 581 INF 
493 592 INF 
610 732 INF 
525 630 INF 
503 604 INF 
357 428 514 
453 544 653 
537 644 773 
408 490 588 
618 742 890 
427 512 614 
503 604 725 
577 692 830 
589 707 848 
447 536 643 
666 799 959 
389 467 560 
569 683 820 
589 707 848 
514 617 740 
356 427 512 
580 696 835 
589 707 848 
387 464 557 
509 611 733 
606 727 872 
484 581 697 
479 575 690 
503 604 725 
388 466 559 
<worker costs>
100
85
72
<end>