<number of tasks>
50
<cycle time>
1000
<precedence relations>
1 4
2 4
2 5
2 6
2 7
3 6
3 7
4 9
4 10
5 8
5 9
5 10
6 8
6 9
6 10
7 8
7 9
7 10
8 11
8 12
9 11
9 12
10 11
10 12
11 13
11 14
12 13
12 14
13 15
13 16
14 15
14 16
15 17
15 18
15 19
15 20
16 17
16 18
16 19
16 20
17 21
17 22
18 21
18 22
19 21
19 22
20 21
20 22
21 23
21 24
21 25
22 23
22 24
22 25
23 26
23 27
24 26
24 27
25 26
25 27
26 28
26 29
26 30
27 28
27 29
27 30
28 31
28 32
28 33
28 34
29 31
29 32
29 33
29 34
30 31
30 32
30 33
30 34
31 35
32 36
32 43
32 44
32 45
33 42
33 44
34 35
35 38
35 39
36 37
37 49
37 50
38 40
38 41
39 42
40 44
42 43
42 45
43 46
43 47
43 48
44 47
47 50
48 49
48 50
<type workers>
3
<task types>
1
1
1
1
1
1
1
1
1
1
2
2
2
2
2
2
2
2
2
2
2
2
2
2
2
3
3
3
3
3
3
3
3
3
3
3
3
3
3
3
3
3
3
3
3
3
3
3
3
3
<task times>
116 INF INF 
436 INF INF 
25 INF INF 
60 INF INF 
428 INF INF 
28 INF INF 
487 INF INF 
213 INF INF 
51 INF INF 
114 INF INF 
202 242 INF 
291 349 INF 
464 557 INF 
166 199 INF 
192 230 INF 
76 91 INF 
269 323 INF 
40 48 INF 
47 56 INF 
167 200 INF 
454 545 INF 
101 121 INF 
114 137 INF 
250 300 INF 
33 40 INF 
61 73 88 
192 230 276 
303 364 437 
493 592 710 
183 220 264 
33 40 48 
95 114 137 
445 534 641 
455 546 655 
145 174 209 
71 85 102 
176 211 253 
155 186 223 
102 122 146 
523 628 754 
444 533 640 
492 590 708 
345 414 497 
225 270 324 
309 371 445 
269 323 388 
329 395 474 
184 221 265 
229 275 330 
434 521 625 
<worker costs>
100
85
72
<end>