<number of tasks>
50
<cycle time>
1000
<precedence relations>
1 3
1 4
1 5
1 6
2 3
2 4
2 5
2 6
3 7
3 8
4 7
4 8
5 7
5 8
6 7
6 8
7 9
7 10
7 11
8 9
8 10
8 11
9 12
9 13
10 12
10 13
11 12
11 13
12 14
12 15
12 16
13 14
13 15
13 16
14 17
15 17
15 18
16 17
16 18
17 19
17 20
17 21
17 22
17 23
18 19
18 20
18 21
18 22
18 23
19 25
19 26
20 24
20 25
20 26
21 27
21 28
22 25
22 26
23 24
23 25
24 33
25 27
25 28
26 27
27 29
27 30
27 31
28 29
28 30
28 31
29 34
29 35
30 32
30 33
30 34
31 32
31 35
32 36
33 35
34 36
35 38
36 37
36 39
37 41
37 42
37 43
38 40
39 45
40 42
40 43
42 46
42 47
43 44
43 45
43 48
44 49
44 50
46 50
47 49
<type workers>
3
<task types>
1
1
1
1
1
1
1
1
1
1
2
2
2
2
2
2
2
2
2
2
2
2
2
2
2
3
3
3
3
3
3
3
3
3
3
3
3
3
3
3
3
3
3
3
3
3
3
3
3
3
<task times>
70 INF INF 
138 INF INF 
126 INF INF 
462 INF INF 
74 INF INF 
232 INF INF 
179 INF INF 
466 INF INF 
32 INF INF 
228 INF INF 
71 85 INF 
118 142 INF 
63 76 INF 
259 311 INF 
156 187 INF 
34 41 INF 
289 347 INF 
48 58 INF 
238 286 INF 
296 355 INF 
182 218 INF 
191 229 INF 
75 90 INF 
87 104 INF 
35 42 INF 
303 364 437 
235 282 338 
121 145 174 
130 156 187 
201 241 289 
203 244 293 
351 421 505 
261 313 376 
299 359 431 
180 216 259 
463 556 667 
142 170 204 
301 361 433 
541 649 779 
194 233 280 
469 563 676 
91 109 131 
312 374 449 
343 412 494 
128 154 185 
486 583 700 
90 108 130 
41 49 59 
299 359 431 
218 262 314 
<worker costs>
100
85
72
<end>