<number of tasks>
20
<cycle time>
1000
<precedence relations>
1 6
2 3
2 4
3 5
3 6
4 5
4 6
5 7
5 8
6 7
6 8
7 9
7 10
8 10
8 12
9 11
9 12
10 18
11 13
12 14
12 15
13 15
14 16
14 17
15 18
15 19
15 20
16 18
16 19
16 20
17 18
17 20
<type workers>
3
<task types>
1
1
1
1
2
2
2
2
2
2
3
3
3
3
3
3
3
3
3
3
<task times>
516 INF INF 
491 INF INF 
537 INF INF 
395 INF INF 
471 518 INF 
514 565 INF 
572 629 INF 
537 591 INF 
801 881 INF 
525 578 INF 
407 448 493 
516 568 625 
398 438 482 
288 317 349 
459 505 556 
646 711 782 
458 504 554 
514 565 622 
772 849 934 
695 765 842 
<worker costs>
100
85
72
<end>