<number of tasks>
50
<cycle time>
1000
<precedence relations>
1 9
1 11
1 21
3 8
3 10
3 29
4 12
4 20
4 38
4 48
5 37
7 13
7 14
7 23
9 15
10 17
10 19
12 21
12 23
12 32
13 35
13 47
14 16
14 18
14 20
16 30
16 48
17 38
18 24
19 23
20 22
20 27
20 33
22 26
22 28
24 25
24 27
24 29
24 30
24 31
25 33
25 38
26 44
27 37
27 50
28 32
29 35
29 36
29 41
29 43
31 34
31 38
31 45
33 43
34 40
35 39
35 42
36 45
37 41
37 44
39 46
39 48
41 47
44 46
45 46
45 49
45 50
<type workers>
3
<task types>
1
1
1
1
1
1
1
1
1
1
2
2
2
2
2
2
2
2
2
2
2
2
2
2
2
3
3
3
3
3
3
3
3
3
3
3
3
3
3
3
3
3
3
3
3
3
3
3
3
3
<task times>
271 INF INF 
108 INF INF 
26 INF INF 
42 INF INF 
47 INF INF 
119 INF INF 
199 INF INF 
99 INF INF 
46 INF INF 
134 INF INF 
155 171 INF 
95 105 INF 
95 105 INF 
120 132 INF 
78 86 INF 
111 122 INF 
311 342 INF 
73 80 INF 
82 90 INF 
73 80 INF 
155 171 INF 
122 134 INF 
79 87 INF 
142 156 INF 
54 59 INF 
107 118 130 
217 239 263 
104 114 125 
149 164 180 
115 127 140 
283 311 342 
220 242 266 
237 261 287 
104 114 125 
203 223 245 
117 129 142 
261 287 316 
90 99 109 
39 43 47 
137 151 166 
177 195 215 
146 161 177 
190 209 230 
79 87 96 
61 67 74 
89 98 108 
131 144 158 
122 134 147 
169 186 205 
124 136 150 
<worker costs>
100
85
72
<end>