<number of tasks>
50
<cycle time>
1000
<precedence relations>
1 7
2 11
2 12
3 8
3 9
3 29
4 35
6 10
6 13
7 19
7 44
8 17
8 21
9 14
9 20
10 15
12 15
12 16
13 18
16 23
16 25
19 22
20 24
20 49
22 26
22 28
23 29
25 27
25 41
26 32
26 34
26 36
26 41
27 31
28 33
29 30
29 33
29 35
29 37
30 39
31 38
31 42
33 50
34 45
37 40
37 41
38 44
38 49
39 45
39 48
39 50
41 43
41 46
41 47
<type workers>
3
<task types>
1
1
1
1
1
1
1
1
1
1
2
2
2
2
2
2
2
2
2
2
2
2
2
2
2
3
3
3
3
3
3
3
3
3
3
3
3
3
3
3
3
3
3
3
3
3
3
3
3
3
<task times>
44 INF INF 
150 INF INF 
149 INF INF 
165 INF INF 
282 INF INF 
88 INF INF 
195 INF INF 
21 INF INF 
83 INF INF 
175 INF INF 
194 213 INF 
241 265 INF 
186 205 INF 
87 96 INF 
104 114 INF 
118 130 INF 
305 336 INF 
117 129 INF 
100 110 INF 
26 29 INF 
227 250 INF 
224 246 INF 
137 151 INF 
276 304 INF 
98 108 INF 
189 208 229 
98 108 119 
100 110 121 
238 262 288 
147 162 178 
153 168 185 
156 172 189 
275 303 333 
156 172 189 
165 182 200 
111 122 134 
273 300 330 
111 122 134 
47 52 57 
94 103 113 
99 109 120 
43 47 52 
172 189 208 
176 194 213 
153 168 185 
162 178 196 
146 161 177 
34 37 41 
147 162 178 
66 73 80 
<worker costs>
100
85
72
<end>