<number of tasks>
50
<cycle time>
1000
<precedence relations>
1 6
1 8
1 10
2 24
2 44
3 40
4 7
5 9
6 11
6 12
6 19
7 18
7 20
8 14
8 16
8 17
9 13
10 11
10 15
10 46
10 49
10 50
13 25
13 46
14 23
14 26
15 21
17 24
18 22
18 27
18 32
21 28
21 33
21 48
22 29
23 30
23 46
24 32
24 43
27 31
27 48
28 36
29 35
29 37
31 42
31 43
32 34
33 38
33 39
34 40
34 42
34 45
37 41
37 44
39 43
40 46
40 48
41 50
42 49
44 45
44 47
<type workers>
3
<task types>
1
1
1
1
1
1
1
1
1
1
2
2
2
2
2
2
2
2
2
2
2
2
2
2
2
3
3
3
3
3
3
3
3
3
3
3
3
3
3
3
3
3
3
3
3
3
3
3
3
3
<task times>
180 INF INF 
145 INF INF 
63 INF INF 
25 INF INF 
100 INF INF 
121 INF INF 
91 INF INF 
48 INF INF 
188 INF INF 
47 INF INF 
76 84 INF 
69 76 INF 
219 241 INF 
153 168 INF 
353 388 INF 
75 83 INF 
120 132 INF 
112 123 INF 
156 172 INF 
84 92 INF 
180 198 INF 
204 224 INF 
79 87 INF 
54 59 INF 
279 307 INF 
128 141 155 
127 140 154 
111 122 134 
290 319 351 
239 263 289 
179 197 217 
161 177 195 
46 51 56 
124 136 150 
159 175 193 
107 118 130 
64 70 77 
193 212 233 
142 156 172 
66 73 80 
240 264 290 
80 88 97 
245 270 297 
300 330 363 
168 185 204 
130 143 157 
199 219 241 
25 28 31 
157 173 190 
67 74 81 
<worker costs>
100
85
72
<end>