<number of tasks>
50
<cycle time>
1000
<precedence relations>
1 5
1 6
2 7
5 9
5 12
5 15
6 8
6 9
6 10
6 13
6 14
7 10
7 11
9 16
9 17
11 22
12 18
12 21
14 19
14 23
15 20
17 29
18 24
18 27
19 30
20 25
20 28
21 26
24 33
24 35
24 38
25 34
26 32
26 33
27 46
28 31
28 35
28 36
29 44
30 37
33 39
33 40
34 41
34 43
34 48
35 44
36 42
39 48
39 50
40 45
41 46
41 49
44 45
44 47
<type workers>
3
<task types>
1
1
1
1
1
1
1
1
1
1
2
2
2
2
2
2
2
2
2
2
2
2
2
2
2
3
3
3
3
3
3
3
3
3
3
3
3
3
3
3
3
3
3
3
3
3
3
3
3
3
<task times>
558 INF INF 
640 INF INF 
445 INF INF 
345 INF INF 
526 INF INF 
566 INF INF 
408 INF INF 
302 INF INF 
489 INF INF 
587 INF INF 
689 758 INF 
457 503 INF 
333 366 INF 
335 369 INF 
348 383 INF 
658 724 INF 
328 361 INF 
491 540 INF 
497 547 INF 
283 311 INF 
608 669 INF 
444 488 INF 
496 546 INF 
476 524 INF 
336 370 INF 
522 574 631 
367 404 444 
467 514 565 
689 758 834 
565 622 684 
589 648 713 
771 848 933 
567 624 686 
620 682 750 
730 803 883 
437 481 529 
531 584 642 
369 406 447 
548 603 663 
515 567 624 
557 613 674 
323 355 391 
499 549 604 
542 596 656 
453 498 548 
520 572 629 
609 670 737 
383 421 463 
310 341 375 
547 602 662 
<worker costs>
100
85
72
<end>