<number of tasks>
50
<cycle time>
1000
<precedence relations>
1 4
2 5
2 6
2 7
2 10
3 5
3 10
4 8
4 9
4 10
4 11
5 8
5 12
5 13
5 16
6 39
7 11
7 17
7 24
8 28
8 40
9 16
9 17
9 26
10 13
10 15
10 21
11 25
11 28
12 14
12 22
13 22
13 25
14 48
15 18
15 23
15 25
16 19
16 20
17 35
18 22
18 24
18 26
19 23
19 24
19 25
20 21
20 22
20 23
20 34
22 31
23 30
23 32
23 40
24 28
24 29
25 27
25 30
26 27
27 31
27 32
27 33
27 34
28 31
28 32
28 35
28 36
29 33
29 34
30 31
31 37
31 39
33 39
33 40
33 42
36 38
37 42
37 46
37 47
37 50
38 42
38 43
39 41
39 43
39 44
39 49
40 48
41 47
42 48
42 49
43 46
43 48
44 45
44 50
<type workers>
3
<task types>
1
1
1
1
1
1
1
1
1
1
2
2
2
2
2
2
2
2
2
2
2
2
2
2
2
3
3
3
3
3
3
3
3
3
3
3
3
3
3
3
3
3
3
3
3
3
3
3
3
3
<task times>
76 INF INF 
260 INF INF 
174 INF INF 
413 INF INF 
147 INF INF 
55 INF INF 
26 INF INF 
61 INF INF 
141 INF INF 
163 INF INF 
285 314 INF 
293 322 INF 
24 26 INF 
148 163 INF 
31 34 INF 
88 97 INF 
229 252 INF 
138 152 INF 
385 424 INF 
49 54 INF 
84 92 INF 
130 143 INF 
45 50 INF 
154 169 INF 
123 135 INF 
64 70 77 
151 166 183 
180 198 218 
140 154 169 
217 239 263 
53 58 64 
58 64 70 
148 163 179 
172 189 208 
153 168 185 
284 312 343 
111 122 134 
144 158 174 
109 120 132 
57 63 69 
203 223 245 
37 41 45 
169 186 205 
28 31 34 
67 74 81 
104 114 125 
29 32 35 
97 107 118 
241 265 292 
157 173 190 
<worker costs>
100
85
72
<end>