<number of tasks>
50
<cycle time>
1000
<precedence relations>
1 9
2 8
3 8
4 10
4 12
5 8
6 11
6 13
7 13
7 32
8 14
8 15
8 24
8 31
9 21
9 22
9 29
10 30
11 17
11 18
12 14
12 15
12 16
12 18
12 22
13 20
13 21
13 35
14 20
14 21
15 19
15 35
15 36
15 39
16 19
16 21
16 23
17 19
17 21
17 22
17 24
18 19
18 20
18 21
18 25
19 41
20 27
20 34
21 39
21 41
22 25
23 24
23 26
24 32
24 34
24 36
24 39
25 28
25 30
26 28
26 29
26 30
27 33
28 33
28 34
28 35
29 32
29 34
29 35
30 31
30 32
30 35
30 36
31 38
31 39
34 37
34 38
36 38
36 45
38 41
39 40
39 42
40 45
41 43
41 44
41 46
42 44
43 50
44 47
44 48
44 49
44 50
45 49
<type workers>
3
<task types>
1
1
1
1
1
1
1
1
1
1
2
2
2
2
2
2
2
2
2
2
2
2
2
2
2
3
3
3
3
3
3
3
3
3
3
3
3
3
3
3
3
3
3
3
3
3
3
3
3
3
<task times>
354 INF INF 
134 INF INF 
145 INF INF 
42 INF INF 
166 INF INF 
90 INF INF 
84 INF INF 
341 INF INF 
214 INF INF 
158 INF INF 
244 268 INF 
43 47 INF 
76 84 INF 
44 48 INF 
39 43 INF 
230 253 INF 
62 68 INF 
136 150 INF 
60 66 INF 
110 121 INF 
78 86 INF 
90 99 INF 
25 28 INF 
114 125 INF 
133 146 INF 
219 241 265 
164 180 198 
21 23 25 
68 75 83 
225 248 273 
47 52 57 
125 138 152 
114 125 138 
21 23 25 
149 164 180 
62 68 75 
112 123 135 
51 56 62 
129 142 156 
203 223 245 
65 72 79 
60 66 73 
243 267 294 
128 141 155 
24 26 29 
58 64 70 
219 241 265 
161 177 195 
61 67 74 
25 28 31 
<worker costs>
100
85
72
<end>