<number of tasks>
50
<cycle time>
1000
<precedence relations>
1 5
1 6
1 7
2 5
2 8
3 8
3 10
4 10
5 9
6 9
6 10
7 9
7 10
8 9
9 11
9 12
9 13
9 14
10 21
12 17
13 15
13 16
13 27
14 15
14 16
15 20
15 21
16 21
17 18
17 19
17 22
17 24
17 26
18 27
18 28
19 49
20 24
21 23
21 24
21 26
21 44
22 25
23 29
23 40
24 28
25 29
25 30
25 38
27 31
27 47
27 48
28 32
28 33
28 34
29 35
29 37
30 31
30 34
30 36
31 42
31 44
31 45
32 38
33 41
34 39
34 40
34 49
35 41
35 42
35 43
37 39
38 47
39 48
40 46
42 46
43 50
45 49
<type workers>
3
<task types>
1
1
1
1
1
1
1
1
1
1
2
2
2
2
2
2
2
2
2
2
2
2
2
2
2
3
3
3
3
3
3
3
3
3
3
3
3
3
3
3
3
3
3
3
3
3
3
3
3
3
<task times>
245 INF INF 
245 INF INF 
61 INF INF 
242 INF INF 
132 INF INF 
200 INF INF 
51 INF INF 
96 INF INF 
192 INF INF 
210 INF INF 
100 110 INF 
174 191 INF 
116 128 INF 
153 168 INF 
67 74 INF 
75 83 INF 
208 229 INF 
293 322 INF 
36 40 INF 
80 88 INF 
146 161 INF 
137 151 INF 
235 259 INF 
86 95 INF 
154 169 INF 
50 55 61 
55 61 67 
203 223 245 
44 48 53 
291 320 352 
96 106 117 
56 62 68 
196 216 238 
194 213 234 
64 70 77 
267 294 323 
80 88 97 
133 146 161 
110 121 133 
73 80 88 
69 76 84 
88 97 107 
113 124 136 
331 364 400 
175 193 212 
119 131 144 
127 140 154 
139 153 168 
24 26 29 
150 165 182 
<worker costs>
100
85
72
<end>