<number of tasks>
50
<cycle time>
1000
<precedence relations>
2 6
2 7
3 5
3 8
3 15
4 9
4 10
5 11
5 12
5 17
6 11
6 14
6 15
7 12
7 16
7 20
8 13
9 15
9 23
10 12
10 13
10 14
11 18
11 20
12 18
12 19
13 16
13 18
13 20
14 16
14 17
15 25
16 31
17 21
17 36
18 21
18 22
18 23
19 21
19 23
20 37
21 24
21 27
21 29
22 25
22 26
23 24
23 25
23 28
23 41
24 30
24 31
24 44
24 46
25 30
25 34
26 32
26 35
27 34
27 41
29 33
30 37
30 38
31 37
32 36
33 50
34 35
35 42
35 44
36 41
37 39
37 45
38 40
38 43
39 49
41 45
41 46
42 50
45 47
45 48
45 49
46 50
<type workers>
3
<task types>
1
1
1
1
1
1
1
1
1
1
2
2
2
2
2
2
2
2
2
2
2
2
2
2
2
3
3
3
3
3
3
3
3
3
3
3
3
3
3
3
3
3
3
3
3
3
3
3
3
3
<task times>
393 INF INF 
455 INF INF 
521 INF INF 
692 INF INF 
375 INF INF 
371 INF INF 
406 INF INF 
284 INF INF 
434 INF INF 
416 INF INF 
512 563 INF 
598 658 INF 
294 323 INF 
489 538 INF 
397 437 INF 
412 453 INF 
597 657 INF 
613 674 INF 
627 690 INF 
552 607 INF 
492 541 INF 
569 626 INF 
432 475 INF 
611 672 INF 
635 699 INF 
602 662 728 
340 374 411 
366 403 443 
621 683 751 
495 545 600 
493 542 596 
550 605 666 
351 386 425 
473 520 572 
395 435 479 
343 377 415 
442 486 535 
715 787 866 
512 563 619 
644 708 779 
641 705 776 
759 835 919 
488 537 591 
434 477 525 
329 362 398 
569 626 689 
374 411 452 
346 381 419 
694 763 839 
684 752 827 
<worker costs>
100
85
72
<end>