<number of tasks>
50
<cycle time>
1000
<precedence relations>
1 25
2 8
2 9
2 16
3 6
3 9
4 6
5 7
5 10
6 24
7 13
8 15
8 18
8 20
8 21
9 11
9 12
9 18
10 11
10 12
11 14
11 21
12 14
12 15
12 17
13 16
13 18
14 26
14 29
15 22
15 25
16 19
16 20
16 21
16 22
17 19
17 20
17 21
17 34
18 19
19 23
19 24
20 23
21 25
21 38
21 42
22 23
22 26
22 27
23 29
23 32
24 35
24 41
25 28
25 36
26 31
26 36
26 46
27 30
27 33
27 39
27 41
28 49
29 35
29 36
31 47
32 39
32 40
32 49
33 34
34 40
35 37
35 38
35 39
35 40
35 42
35 43
36 37
36 41
36 43
37 45
37 47
38 46
39 47
39 48
41 44
41 45
43 50
44 49
44 50
<type workers>
3
<task types>
1
1
1
1
1
1
1
1
1
1
2
2
2
2
2
2
2
2
2
2
2
2
2
2
2
3
3
3
3
3
3
3
3
3
3
3
3
3
3
3
3
3
3
3
3
3
3
3
3
3
<task times>
60 INF INF 
175 INF INF 
426 INF INF 
115 INF INF 
58 INF INF 
187 INF INF 
62 INF INF 
209 INF INF 
134 INF INF 
305 INF INF 
89 98 INF 
64 70 INF 
281 309 INF 
384 422 INF 
66 73 INF 
105 116 INF 
522 574 INF 
454 499 INF 
303 333 INF 
527 580 INF 
171 188 INF 
128 141 INF 
310 341 INF 
21 23 INF 
28 31 INF 
488 537 591 
480 528 581 
559 615 677 
358 394 433 
278 306 337 
441 485 534 
73 80 88 
457 503 553 
538 592 651 
356 392 431 
513 564 620 
556 612 673 
260 286 315 
384 422 464 
664 730 803 
482 530 583 
174 191 210 
182 200 220 
384 422 464 
390 429 472 
91 100 110 
200 220 242 
27 30 33 
239 263 289 
97 107 118 
<worker costs>
100
85
72
<end>