<number of tasks>
50
<cycle time>
1000
<precedence relations>
1 4
2 6
3 4
3 5
4 7
4 8
4 9
5 8
5 9
5 24
6 7
6 9
6 10
7 11
7 12
7 13
8 14
8 29
8 35
9 12
9 15
9 30
10 11
10 12
10 13
11 14
11 15
11 16
11 17
11 18
11 19
12 18
12 34
13 17
13 20
13 42
13 43
14 21
15 21
15 22
16 21
16 22
16 23
16 24
18 32
18 33
19 23
19 48
20 33
20 37
20 40
21 25
21 26
21 28
22 25
22 27
22 29
22 43
23 37
23 45
24 25
24 28
24 30
25 31
25 33
25 34
26 32
27 35
27 38
28 32
28 33
28 38
28 39
29 31
29 33
29 37
29 38
29 39
29 46
30 32
31 42
32 36
32 37
32 41
33 44
33 49
34 38
35 39
35 40
36 43
37 50
40 45
41 45
42 44
43 45
43 46
43 49
43 50
44 47
44 48
44 50
<type workers>
3
<task types>
1
1
1
1
1
1
1
1
1
1
2
2
2
2
2
2
2
2
2
2
2
2
2
2
2
3
3
3
3
3
3
3
3
3
3
3
3
3
3
3
3
3
3
3
3
3
3
3
3
3
<task times>
125 INF INF 
461 INF INF 
28 INF INF 
188 INF INF 
123 INF INF 
484 INF INF 
196 INF INF 
257 INF INF 
165 INF INF 
259 INF INF 
32 35 INF 
216 238 INF 
168 185 INF 
131 144 INF 
43 47 INF 
243 267 INF 
195 215 INF 
547 602 INF 
272 299 INF 
322 354 INF 
477 525 INF 
165 182 INF 
34 37 INF 
76 84 INF 
59 65 INF 
489 538 592 
177 195 215 
122 134 147 
35 39 43 
80 88 97 
163 179 197 
374 411 452 
410 451 496 
622 684 752 
189 208 229 
85 94 103 
431 474 521 
114 125 138 
175 193 212 
549 604 664 
212 233 256 
199 219 241 
190 209 230 
571 628 691 
296 326 359 
575 633 696 
106 117 129 
252 277 305 
145 160 176 
59 65 72 
<worker costs>
100
85
72
<end>