<number of tasks>
50
<cycle time>
1000
<precedence relations>
1 5
1 6
1 7
1 8
2 5
2 6
2 7
2 8
3 5
3 6
3 7
3 8
4 5
4 6
4 7
4 8
5 9
5 10
6 9
6 10
7 9
7 10
8 9
8 10
9 11
9 12
10 11
10 12
11 13
11 14
12 13
12 14
13 15
13 16
14 15
14 16
15 17
16 17
17 18
17 19
17 20
18 21
18 22
18 23
19 21
19 22
19 23
20 21
20 22
20 23
21 24
21 25
21 26
21 27
22 24
22 25
22 26
22 27
23 24
23 25
23 26
23 27
24 28
24 29
24 30
25 28
25 29
25 30
26 28
26 29
27 30
28 31
28 33
29 34
29 37
30 32
30 36
31 36
32 35
33 50
34 35
35 38
35 39
36 37
36 39
36 40
37 41
38 40
38 41
38 47
39 42
40 44
41 45
42 43
43 47
44 50
45 46
46 48
46 49
46 50
47 48
47 50
<type workers>
3
<task types>
1
1
1
1
1
1
1
1
1
1
2
2
2
2
2
2
2
2
2
2
2
2
2
2
2
3
3
3
3
3
3
3
3
3
3
3
3
3
3
3
3
3
3
3
3
3
3
3
3
3
<task times>
151 INF INF 
32 INF INF 
51 INF INF 
322 INF INF 
278 INF INF 
220 INF INF 
71 INF INF 
543 INF INF 
140 INF INF 
216 INF INF 
213 234 INF 
194 213 INF 
90 99 INF 
138 152 INF 
61 67 INF 
41 45 INF 
118 130 INF 
505 556 INF 
112 123 INF 
177 195 INF 
119 131 INF 
198 218 INF 
198 218 INF 
119 131 INF 
102 112 INF 
65 72 79 
45 50 55 
325 358 394 
97 107 118 
97 107 118 
129 142 156 
131 144 158 
93 102 112 
411 452 497 
496 546 601 
531 584 642 
493 542 596 
201 221 243 
59 65 72 
70 77 85 
142 156 172 
209 230 253 
563 619 681 
70 77 85 
306 337 371 
225 248 273 
53 58 64 
136 150 165 
48 53 58 
107 118 130 
<worker costs>
100
85
72
<end>