<number of tasks>
50
<cycle time>
1000
<precedence relations>
1 4
1 5
1 6
1 7
2 4
2 5
2 6
2 7
3 4
3 5
3 6
3 7
4 8
4 9
4 10
5 8
5 9
5 10
6 8
6 9
6 10
7 8
7 9
7 10
8 11
8 12
8 13
8 14
9 11
9 12
9 13
9 14
10 11
10 12
10 13
10 14
11 15
11 16
11 17
12 15
12 16
12 17
13 15
13 16
13 17
14 15
14 16
14 17
15 18
15 19
15 20
16 18
16 19
16 20
17 18
17 19
17 20
18 22
18 23
19 22
20 21
20 22
20 23
21 24
21 25
21 26
22 24
22 25
22 26
23 24
23 25
23 26
24 27
24 28
25 27
25 28
26 27
27 29
27 30
28 29
28 35
29 36
29 46
30 31
30 32
30 33
31 36
31 37
32 34
32 35
32 36
32 39
33 34
33 35
34 38
34 40
36 43
36 50
37 38
37 39
38 41
38 42
38 43
39 40
40 41
40 42
40 43
41 45
42 44
43 44
44 48
45 46
45 47
46 48
46 49
46 50
47 48
<type workers>
3
<task types>
1
1
1
1
1
1
1
1
1
1
2
2
2
2
2
2
2
2
2
2
2
2
2
2
2
3
3
3
3
3
3
3
3
3
3
3
3
3
3
3
3
3
3
3
3
3
3
3
3
3
<task times>
414 INF INF 
100 INF INF 
229 INF INF 
166 INF INF 
504 INF INF 
493 INF INF 
299 INF INF 
505 INF INF 
159 INF INF 
317 INF INF 
635 699 INF 
506 557 INF 
207 228 INF 
182 200 INF 
269 296 INF 
335 369 INF 
77 85 INF 
143 157 INF 
86 95 INF 
549 604 INF 
210 231 INF 
93 102 INF 
247 272 INF 
275 303 INF 
56 62 INF 
226 249 274 
45 50 55 
246 271 298 
139 153 168 
333 366 403 
122 134 147 
162 178 196 
159 175 193 
392 431 474 
83 91 100 
244 268 295 
140 154 169 
110 121 133 
519 571 628 
164 180 198 
230 253 278 
182 200 220 
128 141 155 
532 585 644 
280 308 339 
131 144 158 
512 563 619 
114 125 138 
43 47 52 
489 538 592 
<worker costs>
100
85
72
<end>