<number of tasks>
50
<cycle time>
1000
<precedence relations>
3 9
4 7
4 10
4 12
4 13
4 14
5 11
5 12
6 8
7 17
9 36
10 16
10 29
11 20
13 15
13 19
14 18
15 21
16 23
16 24
16 25
17 27
17 37
19 20
19 22
19 26
20 27
20 31
21 29
23 49
24 28
25 30
26 27
26 48
27 33
27 35
29 32
31 34
32 36
32 37
32 39
32 41
32 43
33 40
33 44
34 42
35 38
39 46
41 48
42 45
42 49
43 46
43 50
44 47
<type workers>
3
<task types>
1
1
1
1
1
1
1
1
1
1
2
2
2
2
2
2
2
2
2
2
2
2
2
2
2
3
3
3
3
3
3
3
3
3
3
3
3
3
3
3
3
3
3
3
3
3
3
3
3
3
<task times>
577 INF INF 
664 INF INF 
230 INF INF 
563 INF INF 
508 INF INF 
373 INF INF 
413 INF INF 
435 INF INF 
463 INF INF 
482 INF INF 
745 820 INF 
531 584 INF 
789 868 INF 
605 666 INF 
544 598 INF 
407 448 INF 
457 503 INF 
364 400 INF 
758 834 INF 
535 589 INF 
490 539 INF 
250 275 INF 
340 374 INF 
279 307 INF 
451 496 INF 
562 618 680 
588 647 712 
445 490 539 
533 586 645 
350 385 424 
621 683 751 
530 583 641 
739 813 894 
510 561 617 
581 639 703 
315 347 382 
584 642 706 
428 471 518 
602 662 728 
609 670 737 
636 700 770 
560 616 678 
335 369 406 
488 537 591 
427 470 517 
502 552 607 
400 440 484 
488 537 591 
568 625 688 
444 488 537 
<worker costs>
100
70
49
<end>