<number of tasks>
50
<cycle time>
1000
<precedence relations>
2 12
3 9
3 15
3 24
3 25
4 14
5 8
5 10
5 11
5 35
6 13
7 21
10 22
10 46
11 18
12 17
12 19
13 16
13 20
16 21
17 23
17 40
18 26
19 25
20 22
20 24
20 46
21 27
22 28
22 31
23 39
25 30
26 29
26 32
27 34
27 35
28 33
28 42
30 37
31 36
33 43
34 37
34 40
35 37
35 38
35 39
35 41
36 40
36 42
38 46
38 47
38 48
41 44
41 45
41 50
42 49
43 47
<type workers>
3
<task types>
1
1
1
1
1
1
1
1
1
1
2
2
2
2
2
2
2
2
2
2
2
2
2
2
2
3
3
3
3
3
3
3
3
3
3
3
3
3
3
3
3
3
3
3
3
3
3
3
3
3
<task times>
79 INF INF 
553 INF INF 
93 INF INF 
206 INF INF 
39 INF INF 
206 INF INF 
373 INF INF 
102 INF INF 
120 INF INF 
212 INF INF 
132 145 INF 
87 96 INF 
227 250 INF 
239 263 INF 
324 356 INF 
35 39 INF 
358 394 INF 
156 172 INF 
353 388 INF 
485 534 INF 
228 251 INF 
25 28 INF 
97 107 INF 
125 138 INF 
32 35 INF 
426 469 516 
35 39 43 
510 561 617 
274 301 331 
116 128 141 
412 453 498 
489 538 592 
73 80 88 
230 253 278 
276 304 334 
147 162 178 
468 515 567 
24 26 29 
27 30 33 
97 107 118 
257 283 311 
152 167 184 
306 337 371 
109 120 132 
112 123 135 
53 58 64 
41 45 50 
124 136 150 
241 265 292 
78 86 95 
<worker costs>
100
70
49
<end>