<number of tasks>
50
<cycle time>
1000
<precedence relations>
2 10
2 20
2 37
2 47
4 7
4 9
5 11
5 12
6 8
7 13
7 15
8 42
10 45
11 14
12 16
13 19
13 21
14 17
14 25
15 18
15 19
15 20
15 21
15 22
16 20
16 46
17 27
17 28
18 26
18 39
19 26
21 25
21 29
22 23
22 24
22 30
23 31
23 32
23 35
25 36
27 34
27 43
29 33
31 39
32 40
32 42
32 43
33 40
33 44
35 37
36 38
36 41
37 46
39 45
41 49
42 50
44 47
44 48
<type workers>
3
<task types>
1
1
1
1
1
1
1
1
1
1
2
2
2
2
2
2
2
2
2
2
2
2
2
2
2
3
3
3
3
3
3
3
3
3
3
3
3
3
3
3
3
3
3
3
3
3
3
3
3
3
<task times>
475 INF INF 
71 INF INF 
420 INF INF 
261 INF INF 
214 INF INF 
160 INF INF 
174 INF INF 
129 INF INF 
79 INF INF 
195 INF INF 
237 261 INF 
224 246 INF 
408 449 INF 
91 100 INF 
191 210 INF 
335 369 INF 
104 114 INF 
399 439 INF 
331 364 INF 
68 75 INF 
53 58 INF 
241 265 INF 
193 212 INF 
147 162 INF 
218 240 INF 
392 431 474 
289 318 350 
154 169 186 
24 26 29 
188 207 228 
377 415 457 
189 208 229 
57 63 69 
224 246 271 
113 124 136 
553 608 669 
453 498 548 
316 348 383 
71 78 86 
283 311 342 
232 255 281 
75 83 91 
283 311 342 
237 261 287 
107 118 130 
221 243 267 
87 96 106 
332 365 402 
64 70 77 
171 188 207 
<worker costs>
100
70
49
<end>