<number of tasks>
50
<cycle time>
1000
<precedence relations>
2 8
3 10
4 9
5 11
6 7
7 16
8 14
9 12
9 15
10 13
13 28
14 17
14 18
14 19
15 20
16 19
16 21
16 22
17 27
17 30
18 30
19 23
19 24
19 26
19 28
20 25
20 29
23 33
25 31
26 32
30 34
30 35
30 36
30 37
31 40
31 42
32 38
35 41
36 39
37 40
38 48
40 47
40 49
41 43
41 44
41 46
41 50
42 45
<type workers>
3
<task types>
1
1
1
1
1
1
1
1
1
1
2
2
2
2
2
2
2
2
2
2
2
2
2
2
2
3
3
3
3
3
3
3
3
3
3
3
3
3
3
3
3
3
3
3
3
3
3
3
3
3
<task times>
89 INF INF 
76 INF INF 
147 INF INF 
290 INF INF 
95 INF INF 
94 INF INF 
124 INF INF 
167 INF INF 
223 INF INF 
238 INF INF 
242 266 INF 
66 73 INF 
30 33 INF 
145 160 INF 
195 215 INF 
121 133 INF 
466 513 INF 
33 36 INF 
36 40 INF 
100 110 INF 
163 179 INF 
69 76 INF 
159 175 INF 
106 117 INF 
282 310 INF 
510 561 617 
287 316 348 
576 634 697 
281 309 340 
106 117 129 
88 97 107 
62 68 75 
496 546 601 
86 95 105 
77 85 94 
116 128 141 
68 75 83 
115 127 140 
352 387 426 
32 35 39 
76 84 92 
508 559 615 
246 271 298 
121 133 146 
473 520 572 
346 381 419 
168 185 204 
556 612 673 
59 65 72 
391 430 473 
<worker costs>
100
70
49
<end>