<number of tasks>
50
<cycle time>
1000
<precedence relations>
1 3
1 4
1 9
1 12
2 5
2 6
2 7
2 8
3 10
3 21
4 32
5 12
5 13
6 10
6 11
6 17
6 19
6 21
7 12
8 10
8 11
8 12
9 25
10 14
10 16
11 20
11 46
12 15
12 16
12 18
12 19
12 20
12 21
13 14
13 17
13 19
13 21
14 22
14 23
15 23
15 33
16 22
16 23
17 22
17 23
18 26
20 27
20 47
21 22
21 35
22 25
22 26
22 39
23 24
24 28
24 29
24 31
25 46
25 50
26 27
26 29
27 31
27 33
28 30
28 34
28 35
29 30
29 32
29 40
30 37
30 38
30 48
31 41
32 36
32 45
34 42
35 39
36 42
37 41
37 43
37 44
38 45
39 40
39 44
41 49
42 46
42 48
42 49
43 45
43 47
43 50
44 46
<type workers>
3
<task types>
1
1
1
1
1
1
1
1
1
1
2
2
2
2
2
2
2
2
2
2
2
2
2
2
2
3
3
3
3
3
3
3
3
3
3
3
3
3
3
3
3
3
3
3
3
3
3
3
3
3
<task times>
245 INF INF 
128 INF INF 
120 INF INF 
183 INF INF 
201 INF INF 
202 INF INF 
82 INF INF 
160 INF INF 
109 INF INF 
35 INF INF 
102 112 INF 
210 231 INF 
207 228 INF 
136 150 INF 
29 32 INF 
34 37 INF 
279 307 INF 
219 241 INF 
219 241 INF 
32 35 INF 
120 132 INF 
141 155 INF 
321 353 INF 
265 292 INF 
219 241 INF 
88 97 107 
156 172 189 
168 185 204 
172 189 208 
33 36 40 
145 160 176 
167 184 202 
30 33 36 
91 100 110 
152 167 184 
54 59 65 
178 196 216 
175 193 212 
189 208 229 
180 198 218 
222 244 268 
62 68 75 
144 158 174 
112 123 135 
318 350 385 
379 417 459 
247 272 299 
146 161 177 
143 157 173 
192 211 232 
<worker costs>
100
70
49
<end>