<number of tasks>
50
<cycle time>
1000
<precedence relations>
1 6
1 7
1 8
1 9
1 10
1 11
2 8
2 14
2 29
3 6
3 7
3 8
3 9
3 10
3 11
4 6
4 8
5 6
5 9
5 17
6 19
6 20
6 21
6 27
7 14
7 15
7 18
7 21
8 13
8 32
9 21
9 22
9 31
10 14
10 26
11 12
11 13
11 16
12 17
12 18
12 20
12 21
13 19
14 23
14 30
14 41
15 17
15 23
16 18
16 20
16 21
16 26
17 34
17 35
18 22
18 27
19 26
19 30
20 22
20 31
21 23
21 24
21 25
22 29
23 34
23 48
24 30
24 44
25 32
25 39
26 28
26 31
26 34
26 35
27 45
28 33
28 38
28 39
28 41
29 33
29 34
29 35
29 36
29 41
30 34
30 36
31 37
31 39
32 48
33 40
33 43
34 47
34 49
35 39
35 42
36 47
36 48
37 40
37 41
39 43
40 44
40 50
41 42
41 43
42 44
42 48
43 45
43 46
43 47
47 50
48 49
<type workers>
3
<task types>
1
1
1
1
1
1
1
1
1
1
2
2
2
2
2
2
2
2
2
2
2
2
2
2
2
3
3
3
3
3
3
3
3
3
3
3
3
3
3
3
3
3
3
3
3
3
3
3
3
3
<task times>
213 INF INF 
60 INF INF 
154 INF INF 
155 INF INF 
90 INF INF 
73 INF INF 
55 INF INF 
97 INF INF 
295 INF INF 
138 INF INF 
151 166 INF 
158 174 INF 
174 191 INF 
111 122 INF 
155 171 INF 
180 198 INF 
134 147 INF 
236 260 INF 
115 127 INF 
198 218 INF 
32 35 INF 
77 85 INF 
143 157 INF 
181 199 INF 
87 96 INF 
121 133 146 
277 305 336 
33 36 40 
42 46 51 
262 288 317 
211 232 255 
99 109 120 
284 312 343 
88 97 107 
121 133 146 
199 219 241 
97 107 118 
39 43 47 
176 194 213 
106 117 129 
119 131 144 
23 25 28 
100 110 121 
157 173 190 
172 189 208 
117 129 142 
138 152 167 
115 127 140 
211 232 255 
182 200 220 
<worker costs>
100
70
49
<end>