<number of tasks>
50
<cycle time>
1000
<precedence relations>
1 10
1 15
1 21
2 21
3 8
3 18
4 15
5 10
5 11
6 7
6 8
6 9
7 12
7 14
8 12
8 15
9 12
9 13
9 14
10 13
10 23
11 12
11 13
12 17
12 19
13 16
13 18
13 24
14 15
15 20
17 25
18 31
18 34
18 37
18 41
19 21
19 31
20 22
20 25
20 26
20 36
21 23
21 24
22 45
22 46
23 27
24 45
24 46
24 47
25 28
25 30
25 39
26 28
26 35
26 41
27 29
27 30
27 32
27 35
28 29
28 31
28 33
28 34
29 37
31 50
32 36
32 37
32 39
33 37
33 42
34 42
34 47
35 38
36 41
37 40
37 43
37 44
38 42
38 44
39 48
40 47
40 49
42 45
42 46
42 48
43 50
<type workers>
3
<task types>
1
1
1
1
1
1
1
1
1
1
2
2
2
2
2
2
2
2
2
2
2
2
2
2
2
3
3
3
3
3
3
3
3
3
3
3
3
3
3
3
3
3
3
3
3
3
3
3
3
3
<task times>
549 INF INF 
600 INF INF 
512 INF INF 
382 INF INF 
437 INF INF 
452 INF INF 
442 INF INF 
278 INF INF 
381 INF INF 
667 INF INF 
649 714 INF 
501 551 INF 
716 788 INF 
334 367 INF 
375 413 INF 
489 538 INF 
483 531 INF 
691 760 INF 
435 479 INF 
464 510 INF 
435 479 INF 
467 514 INF 
489 538 INF 
549 604 INF 
223 245 INF 
332 365 402 
572 629 692 
510 561 617 
541 595 655 
327 360 396 
573 630 693 
674 741 815 
484 532 585 
514 565 622 
514 565 622 
648 713 784 
496 546 601 
808 889 978 
478 526 579 
473 520 572 
444 488 537 
487 536 590 
470 517 569 
454 499 549 
499 549 604 
433 476 524 
486 535 589 
571 628 691 
830 913 1004 
347 382 420 
<worker costs>
100
70
49
<end>