<number of tasks>
50
<cycle time>
1000
<precedence relations>
1 5
2 5
2 8
2 9
3 9
4 6
4 7
5 12
5 13
6 19
6 22
7 10
7 12
8 10
8 14
9 11
9 26
9 32
10 40
11 22
11 39
11 40
12 15
13 29
13 39
14 15
15 16
15 17
15 18
15 19
16 22
17 21
17 31
18 20
19 20
19 21
20 24
20 25
20 43
21 23
21 26
21 28
22 23
22 50
23 29
23 30
24 31
25 27
25 28
25 29
27 35
27 41
28 32
28 35
28 36
29 34
30 33
30 37
33 43
34 38
34 41
34 42
34 49
35 39
35 46
35 49
36 40
37 41
37 42
37 43
37 44
38 44
39 45
39 50
40 46
40 49
41 47
42 45
42 46
43 48
43 49
<type workers>
3
<task types>
1
1
1
1
1
1
1
1
1
1
2
2
2
2
2
2
2
2
2
2
2
2
2
2
2
3
3
3
3
3
3
3
3
3
3
3
3
3
3
3
3
3
3
3
3
3
3
3
3
3
<task times>
666 INF INF 
541 INF INF 
385 INF INF 
565 INF INF 
566 INF INF 
409 INF INF 
509 INF INF 
572 INF INF 
355 INF INF 
352 INF INF 
386 425 INF 
408 449 INF 
404 444 INF 
393 432 INF 
570 627 INF 
703 773 INF 
618 680 INF 
486 535 INF 
424 466 INF 
581 639 INF 
388 427 INF 
336 370 INF 
626 689 INF 
390 429 INF 
417 459 INF 
377 415 457 
606 667 734 
669 736 810 
524 576 634 
549 604 664 
503 553 608 
455 501 551 
419 461 507 
382 420 462 
618 680 748 
512 563 619 
420 462 508 
519 571 628 
366 403 443 
239 263 289 
531 584 642 
460 506 557 
463 509 560 
338 372 409 
286 315 347 
740 814 895 
619 681 749 
491 540 594 
488 537 591 
295 325 358 
<worker costs>
100
70
49
<end>