<number of tasks>
50
<cycle time>
1000
<precedence relations>
1 4
1 5
1 6
2 4
2 5
2 6
3 4
3 5
3 6
4 7
5 7
6 7
7 8
7 9
7 10
8 11
8 12
8 13
9 11
9 12
9 13
10 11
10 12
10 13
11 14
11 15
12 14
12 15
13 14
13 15
14 16
14 17
14 18
15 16
15 17
15 18
16 19
16 20
16 21
17 19
17 20
17 21
18 19
18 20
18 21
19 22
19 23
20 22
20 23
21 22
22 24
22 25
23 24
23 25
24 26
24 27
24 28
25 29
25 30
25 31
26 29
26 30
26 31
27 29
28 29
28 32
28 33
29 38
30 32
30 33
31 32
31 33
32 34
32 35
32 36
33 34
33 35
33 36
33 37
34 38
34 39
34 40
35 38
36 40
36 44
37 38
37 42
38 43
38 44
38 45
39 42
39 46
40 41
40 45
42 45
42 47
44 46
44 47
45 48
45 49
45 50
46 48
<type workers>
3
<task types>
1
1
1
1
1
1
1
1
1
1
2
2
2
2
2
2
2
2
2
2
2
2
2
2
2
3
3
3
3
3
3
3
3
3
3
3
3
3
3
3
3
3
3
3
3
3
3
3
3
3
<task times>
304 INF INF 
148 INF INF 
34 INF INF 
99 INF INF 
47 INF INF 
136 INF INF 
143 INF INF 
72 INF INF 
115 INF INF 
201 INF INF 
30 33 INF 
121 133 INF 
120 132 INF 
57 63 INF 
35 39 INF 
61 67 INF 
128 141 INF 
164 180 INF 
63 69 INF 
115 127 INF 
194 213 INF 
107 118 INF 
88 97 INF 
348 383 INF 
71 78 INF 
49 54 59 
71 78 86 
71 78 86 
322 354 389 
117 129 142 
317 349 384 
63 69 76 
26 29 32 
32 35 39 
222 244 268 
210 231 254 
82 90 99 
113 124 136 
59 65 72 
52 57 63 
45 50 55 
164 180 198 
82 90 99 
134 147 162 
166 183 201 
149 164 180 
135 149 164 
48 53 58 
70 77 85 
117 129 142 
<worker costs>
100
70
49
<end>