<number of tasks>
50
<cycle time>
1000
<precedence relations>
1 3
1 4
1 5
1 6
2 3
2 4
2 5
2 6
3 7
3 8
4 7
4 8
5 7
5 8
6 7
6 8
7 9
7 10
7 11
8 9
8 10
8 11
9 12
9 13
10 12
10 13
11 12
11 13
12 14
12 15
12 16
13 14
13 15
13 16
14 17
15 17
15 18
16 17
16 18
17 19
17 20
17 21
17 22
17 23
18 19
18 20
18 21
18 22
18 23
19 25
19 26
20 24
20 25
20 26
21 27
21 28
22 25
22 26
23 24
23 25
24 33
25 27
25 28
26 27
27 29
27 30
27 31
28 29
28 30
28 31
29 34
29 35
30 32
30 33
30 34
31 32
31 35
32 36
33 35
34 36
35 38
36 37
36 39
37 41
37 42
37 43
38 40
39 45
40 42
40 43
42 46
42 47
43 44
43 45
43 48
44 49
44 50
46 50
47 49
<type workers>
3
<task types>
1
1
1
1
1
1
1
1
1
1
2
2
2
2
2
2
2
2
2
2
2
2
2
2
2
3
3
3
3
3
3
3
3
3
3
3
3
3
3
3
3
3
3
3
3
3
3
3
3
3
<task times>
70 INF INF 
138 INF INF 
126 INF INF 
462 INF INF 
74 INF INF 
232 INF INF 
179 INF INF 
466 INF INF 
32 INF INF 
228 INF INF 
71 78 INF 
118 130 INF 
63 69 INF 
259 285 INF 
156 172 INF 
34 37 INF 
289 318 INF 
48 53 INF 
238 262 INF 
296 326 INF 
182 200 INF 
191 210 INF 
75 83 INF 
87 96 INF 
35 39 INF 
303 333 366 
235 259 285 
121 133 146 
130 143 157 
201 221 243 
203 223 245 
351 386 425 
261 287 316 
299 329 362 
180 198 218 
463 509 560 
142 156 172 
301 331 364 
541 595 655 
194 213 234 
469 516 568 
91 100 110 
312 343 377 
343 377 415 
128 141 155 
486 535 589 
90 99 109 
41 45 50 
299 329 362 
218 240 264 
<worker costs>
100
70
49
<end>