<number of tasks>
50
<cycle time>
1000
<precedence relations>
1 9
2 7
2 8
2 11
4 5
4 6
4 10
5 15
6 16
8 12
8 14
8 22
8 44
10 33
10 45
11 13
11 17
12 18
12 19
13 20
13 22
13 25
14 24
14 34
15 24
17 21
17 23
19 25
19 27
20 30
21 26
21 28
22 47
24 29
24 42
25 33
26 34
26 37
27 36
28 31
28 35
29 32
31 39
31 40
31 44
32 38
32 39
34 45
35 42
36 41
36 43
37 38
43 46
43 47
44 46
44 48
44 49
44 50
<type workers>
1
<task types>
1
1
1
1
1
1
1
1
1
1
1
1
1
1
1
1
1
1
1
1
1
1
1
1
1
1
1
1
1
1
1
1
1
1
1
1
1
1
1
1
1
1
1
1
1
1
1
1
1
1
<task times>
79
72
268
217
159
83
43
209
76
99
180
121
85
110
120
203
42
201
45
63
74
61
140
55
171
177
23
102
55
63
107
171
132
139
150
61
161
150
139
95
115
174
65
211
241
68
93
49
69
170
<worker costs>
100
<end>