<number of tasks>
50
<cycle time>
1000
<precedence relations>
1 9
1 11
1 21
3 8
3 10
3 29
4 12
4 20
4 38
4 48
5 37
7 13
7 14
7 23
9 15
10 17
10 19
12 21
12 23
12 32
13 35
13 47
14 16
14 18
14 20
16 30
16 48
17 38
18 24
19 23
20 22
20 27
20 33
22 26
22 28
24 25
24 27
24 29
24 30
24 31
25 33
25 38
26 44
27 37
27 50
28 32
29 35
29 36
29 41
29 43
31 34
31 38
31 45
33 43
34 40
35 39
35 42
36 45
37 41
37 44
39 46
39 48
41 47
44 46
45 46
45 49
45 50
<type workers>
1
<task types>
1
1
1
1
1
1
1
1
1
1
1
1
1
1
1
1
1
1
1
1
1
1
1
1
1
1
1
1
1
1
1
1
1
1
1
1
1
1
1
1
1
1
1
1
1
1
1
1
1
1
<task times>
271
108
26
42
47
119
199
99
46
134
155
95
95
120
78
111
311
73
82
73
155
122
79
142
54
107
217
104
149
115
283
220
237
104
203
117
261
90
39
137
177
146
190
79
61
89
131
122
169
124
<worker costs>
100
<end>