<number of tasks>
50
<cycle time>
1000
<precedence relations>
1 7
2 11
2 12
3 8
3 9
3 29
4 35
6 10
6 13
7 19
7 44
8 17
8 21
9 14
9 20
10 15
12 15
12 16
13 18
16 23
16 25
19 22
20 24
20 49
22 26
22 28
23 29
25 27
25 41
26 32
26 34
26 36
26 41
27 31
28 33
29 30
29 33
29 35
29 37
30 39
31 38
31 42
33 50
34 45
37 40
37 41
38 44
38 49
39 45
39 48
39 50
41 43
41 46
41 47
<type workers>
1
<task types>
1
1
1
1
1
1
1
1
1
1
1
1
1
1
1
1
1
1
1
1
1
1
1
1
1
1
1
1
1
1
1
1
1
1
1
1
1
1
1
1
1
1
1
1
1
1
1
1
1
1
<task times>
44
150
149
165
282
88
195
21
83
175
194
241
186
87
104
118
305
117
100
26
227
224
137
276
98
189
98
100
238
147
153
156
275
156
165
111
273
111
47
94
99
43
172
176
153
162
146
34
147
66
<worker costs>
100
<end>