<number of tasks>
50
<cycle time>
1000
<precedence relations>
1 6
1 8
1 10
2 24
2 44
3 40
4 7
5 9
6 11
6 12
6 19
7 18
7 20
8 14
8 16
8 17
9 13
10 11
10 15
10 46
10 49
10 50
13 25
13 46
14 23
14 26
15 21
17 24
18 22
18 27
18 32
21 28
21 33
21 48
22 29
23 30
23 46
24 32
24 43
27 31
27 48
28 36
29 35
29 37
31 42
31 43
32 34
33 38
33 39
34 40
34 42
34 45
37 41
37 44
39 43
40 46
40 48
41 50
42 49
44 45
44 47
<type workers>
1
<task types>
1
1
1
1
1
1
1
1
1
1
1
1
1
1
1
1
1
1
1
1
1
1
1
1
1
1
1
1
1
1
1
1
1
1
1
1
1
1
1
1
1
1
1
1
1
1
1
1
1
1
<task times>
180
145
63
25
100
121
91
48
188
47
76
69
219
153
353
75
120
112
156
84
180
204
79
54
279
128
127
111
290
239
179
161
46
124
159
107
64
193
142
66
240
80
245
300
168
130
199
25
157
67
<worker costs>
100
<end>