<number of tasks>
50
<cycle time>
1000
<precedence relations>
1 10
1 12
2 10
2 11
2 13
4 42
8 9
9 15
9 16
9 17
10 21
11 36
12 30
12 34
12 49
13 14
14 23
14 24
15 19
16 20
16 21
16 25
17 18
17 22
18 41
19 30
20 28
21 27
21 32
21 37
22 31
23 26
24 29
25 26
25 38
28 33
28 37
28 38
29 36
30 35
32 34
32 39
32 41
34 44
35 42
35 47
36 41
36 43
36 45
37 40
39 46
40 49
41 50
47 48
<type workers>
1
<task types>
1
1
1
1
1
1
1
1
1
1
1
1
1
1
1
1
1
1
1
1
1
1
1
1
1
1
1
1
1
1
1
1
1
1
1
1
1
1
1
1
1
1
1
1
1
1
1
1
1
1
<task times>
53
230
29
54
315
104
27
62
144
273
108
174
258
153
220
51
192
124
96
235
176
106
138
27
107
63
113
228
107
99
106
119
156
84
138
97
38
184
204
284
197
217
44
82
127
51
246
91
170
40
<worker costs>
100
<end>