<number of tasks>
50
<cycle time>
1000
<precedence relations>
1 8
4 6
4 7
4 9
4 48
5 10
5 11
5 12
8 21
9 25
10 14
10 15
11 13
11 17
12 16
12 18
14 22
15 21
16 20
17 19
19 26
20 23
20 25
20 29
21 23
21 24
21 27
21 28
23 33
24 35
24 39
27 30
27 37
28 31
28 36
28 38
29 32
29 34
32 39
32 46
33 42
34 41
34 44
35 43
36 42
36 45
38 40
39 48
43 47
44 50
46 49
<type workers>
1
<task types>
1
1
1
1
1
1
1
1
1
1
1
1
1
1
1
1
1
1
1
1
1
1
1
1
1
1
1
1
1
1
1
1
1
1
1
1
1
1
1
1
1
1
1
1
1
1
1
1
1
1
<task times>
384
493
696
566
576
696
637
804
604
492
551
788
320
583
708
558
564
592
600
586
611
483
417
463
343
461
578
427
518
575
628
442
405
430
334
452
371
574
442
366
196
390
529
372
698
564
489
330
373
581
<worker costs>
100
<end>