<number of tasks>
50
<cycle time>
1000
<precedence relations>
3 9
4 7
4 10
4 12
4 13
4 14
5 11
5 12
6 8
7 17
9 36
10 16
10 29
11 20
13 15
13 19
14 18
15 21
16 23
16 24
16 25
17 27
17 37
19 20
19 22
19 26
20 27
20 31
21 29
23 49
24 28
25 30
26 27
26 48
27 33
27 35
29 32
31 34
32 36
32 37
32 39
32 41
32 43
33 40
33 44
34 42
35 38
39 46
41 48
42 45
42 49
43 46
43 50
44 47
<type workers>
1
<task types>
1
1
1
1
1
1
1
1
1
1
1
1
1
1
1
1
1
1
1
1
1
1
1
1
1
1
1
1
1
1
1
1
1
1
1
1
1
1
1
1
1
1
1
1
1
1
1
1
1
1
<task times>
577
664
230
563
508
373
413
435
463
482
745
531
789
605
544
407
457
364
758
535
490
250
340
279
451
562
588
445
533
350
621
530
739
510
581
315
584
428
602
609
636
560
335
488
427
502
400
488
568
444
<worker costs>
100
<end>