<number of tasks>
50
<cycle time>
1000
<precedence relations>
3 12
3 13
4 10
6 41
8 11
9 43
10 15
10 16
11 14
11 17
11 18
14 37
15 21
16 19
17 20
18 29
18 48
19 23
19 25
20 26
20 28
20 31
21 22
21 24
21 27
21 29
21 30
22 34
23 38
23 44
23 49
26 32
26 33
26 34
27 32
27 37
28 35
28 39
28 44
31 36
31 47
33 41
33 42
34 40
34 45
36 43
37 44
38 45
40 49
42 50
43 46
44 47
45 48
<type workers>
1
<task types>
1
1
1
1
1
1
1
1
1
1
1
1
1
1
1
1
1
1
1
1
1
1
1
1
1
1
1
1
1
1
1
1
1
1
1
1
1
1
1
1
1
1
1
1
1
1
1
1
1
1
<task times>
412
377
292
308
429
411
512
445
458
689
684
411
339
395
412
512
321
510
574
629
651
524
481
519
502
467
565
662
414
586
269
504
421
479
557
517
438
559
477
541
462
933
558
380
497
362
479
531
683
535
<worker costs>
100
<end>