<number of tasks>
50
<cycle time>
1000
<precedence relations>
1 5
1 6
2 7
5 9
5 12
5 15
6 8
6 9
6 10
6 13
6 14
7 10
7 11
9 16
9 17
11 22
12 18
12 21
14 19
14 23
15 20
17 29
18 24
18 27
19 30
20 25
20 28
21 26
24 33
24 35
24 38
25 34
26 32
26 33
27 46
28 31
28 35
28 36
29 44
30 37
33 39
33 40
34 41
34 43
34 48
35 44
36 42
39 48
39 50
40 45
41 46
41 49
44 45
44 47
<type workers>
1
<task types>
1
1
1
1
1
1
1
1
1
1
1
1
1
1
1
1
1
1
1
1
1
1
1
1
1
1
1
1
1
1
1
1
1
1
1
1
1
1
1
1
1
1
1
1
1
1
1
1
1
1
<task times>
558
640
445
345
526
566
408
302
489
587
689
457
333
335
348
658
328
491
497
283
608
444
496
476
336
522
367
467
689
565
589
771
567
620
730
437
531
369
548
515
557
323
499
542
453
520
609
383
310
547
<worker costs>
100
<end>