<number of tasks>
50
<cycle time>
1000
<precedence relations>
2 12
3 9
3 15
3 24
3 25
4 14
5 8
5 10
5 11
5 35
6 13
7 21
10 22
10 46
11 18
12 17
12 19
13 16
13 20
16 21
17 23
17 40
18 26
19 25
20 22
20 24
20 46
21 27
22 28
22 31
23 39
25 30
26 29
26 32
27 34
27 35
28 33
28 42
30 37
31 36
33 43
34 37
34 40
35 37
35 38
35 39
35 41
36 40
36 42
38 46
38 47
38 48
41 44
41 45
41 50
42 49
43 47
<type workers>
1
<task types>
1
1
1
1
1
1
1
1
1
1
1
1
1
1
1
1
1
1
1
1
1
1
1
1
1
1
1
1
1
1
1
1
1
1
1
1
1
1
1
1
1
1
1
1
1
1
1
1
1
1
<task times>
79
553
93
206
39
206
373
102
120
212
132
87
227
239
324
35
358
156
353
485
228
25
97
125
32
426
35
510
274
116
412
489
73
230
276
147
468
24
27
97
257
152
306
109
112
53
41
124
241
78
<worker costs>
100
<end>