<number of tasks>
50
<cycle time>
1000
<precedence relations>
2 10
2 20
2 37
2 47
4 7
4 9
5 11
5 12
6 8
7 13
7 15
8 42
10 45
11 14
12 16
13 19
13 21
14 17
14 25
15 18
15 19
15 20
15 21
15 22
16 20
16 46
17 27
17 28
18 26
18 39
19 26
21 25
21 29
22 23
22 24
22 30
23 31
23 32
23 35
25 36
27 34
27 43
29 33
31 39
32 40
32 42
32 43
33 40
33 44
35 37
36 38
36 41
37 46
39 45
41 49
42 50
44 47
44 48
<type workers>
1
<task types>
1
1
1
1
1
1
1
1
1
1
1
1
1
1
1
1
1
1
1
1
1
1
1
1
1
1
1
1
1
1
1
1
1
1
1
1
1
1
1
1
1
1
1
1
1
1
1
1
1
1
<task times>
475
71
420
261
214
160
174
129
79
195
237
224
408
91
191
335
104
399
331
68
53
241
193
147
218
392
289
154
24
188
377
189
57
224
113
553
453
316
71
283
232
75
283
237
107
221
87
332
64
171
<worker costs>
100
<end>