<number of tasks>
50
<cycle time>
1000
<precedence relations>
2 8
3 10
4 9
5 11
6 7
7 16
8 14
9 12
9 15
10 13
13 28
14 17
14 18
14 19
15 20
16 19
16 21
16 22
17 27
17 30
18 30
19 23
19 24
19 26
19 28
20 25
20 29
23 33
25 31
26 32
30 34
30 35
30 36
30 37
31 40
31 42
32 38
35 41
36 39
37 40
38 48
40 47
40 49
41 43
41 44
41 46
41 50
42 45
<type workers>
1
<task types>
1
1
1
1
1
1
1
1
1
1
1
1
1
1
1
1
1
1
1
1
1
1
1
1
1
1
1
1
1
1
1
1
1
1
1
1
1
1
1
1
1
1
1
1
1
1
1
1
1
1
<task times>
89
76
147
290
95
94
124
167
223
238
242
66
30
145
195
121
466
33
36
100
163
69
159
106
282
510
287
576
281
106
88
62
496
86
77
116
68
115
352
32
76
508
246
121
473
346
168
556
59
391
<worker costs>
100
<end>