<number of tasks>
50
<cycle time>
1000
<precedence relations>
1 4
2 5
2 6
2 7
2 10
3 5
3 10
4 8
4 9
4 10
4 11
5 8
5 12
5 13
5 16
6 39
7 11
7 17
7 24
8 28
8 40
9 16
9 17
9 26
10 13
10 15
10 21
11 25
11 28
12 14
12 22
13 22
13 25
14 48
15 18
15 23
15 25
16 19
16 20
17 35
18 22
18 24
18 26
19 23
19 24
19 25
20 21
20 22
20 23
20 34
22 31
23 30
23 32
23 40
24 28
24 29
25 27
25 30
26 27
27 31
27 32
27 33
27 34
28 31
28 32
28 35
28 36
29 33
29 34
30 31
31 37
31 39
33 39
33 40
33 42
36 38
37 42
37 46
37 47
37 50
38 42
38 43
39 41
39 43
39 44
39 49
40 48
41 47
42 48
42 49
43 46
43 48
44 45
44 50
<type workers>
1
<task types>
1
1
1
1
1
1
1
1
1
1
1
1
1
1
1
1
1
1
1
1
1
1
1
1
1
1
1
1
1
1
1
1
1
1
1
1
1
1
1
1
1
1
1
1
1
1
1
1
1
1
<task times>
76
260
174
413
147
55
26
61
141
163
285
293
24
148
31
88
229
138
385
49
84
130
45
154
123
64
151
180
140
217
53
58
148
172
153
284
111
144
109
57
203
37
169
28
67
104
29
97
241
157
<worker costs>
100
<end>