<number of tasks>
50
<cycle time>
1000
<precedence relations>
1 6
1 7
1 8
1 9
1 10
1 11
2 8
2 14
2 29
3 6
3 7
3 8
3 9
3 10
3 11
4 6
4 8
5 6
5 9
5 17
6 19
6 20
6 21
6 27
7 14
7 15
7 18
7 21
8 13
8 32
9 21
9 22
9 31
10 14
10 26
11 12
11 13
11 16
12 17
12 18
12 20
12 21
13 19
14 23
14 30
14 41
15 17
15 23
16 18
16 20
16 21
16 26
17 34
17 35
18 22
18 27
19 26
19 30
20 22
20 31
21 23
21 24
21 25
22 29
23 34
23 48
24 30
24 44
25 32
25 39
26 28
26 31
26 34
26 35
27 45
28 33
28 38
28 39
28 41
29 33
29 34
29 35
29 36
29 41
30 34
30 36
31 37
31 39
32 48
33 40
33 43
34 47
34 49
35 39
35 42
36 47
36 48
37 40
37 41
39 43
40 44
40 50
41 42
41 43
42 44
42 48
43 45
43 46
43 47
47 50
48 49
<type workers>
1
<task types>
1
1
1
1
1
1
1
1
1
1
1
1
1
1
1
1
1
1
1
1
1
1
1
1
1
1
1
1
1
1
1
1
1
1
1
1
1
1
1
1
1
1
1
1
1
1
1
1
1
1
<task times>
213
60
154
155
90
73
55
97
295
138
151
158
174
111
155
180
134
236
115
198
32
77
143
181
87
121
277
33
42
262
211
99
284
88
121
199
97
39
176
106
119
23
100
157
172
117
138
115
211
182
<worker costs>
100
<end>