<number of tasks>
50
<cycle time>
1000
<precedence relations>
1 5
2 5
2 8
2 9
3 9
4 6
4 7
5 12
5 13
6 19
6 22
7 10
7 12
8 10
8 14
9 11
9 26
9 32
10 40
11 22
11 39
11 40
12 15
13 29
13 39
14 15
15 16
15 17
15 18
15 19
16 22
17 21
17 31
18 20
19 20
19 21
20 24
20 25
20 43
21 23
21 26
21 28
22 23
22 50
23 29
23 30
24 31
25 27
25 28
25 29
27 35
27 41
28 32
28 35
28 36
29 34
30 33
30 37
33 43
34 38
34 41
34 42
34 49
35 39
35 46
35 49
36 40
37 41
37 42
37 43
37 44
38 44
39 45
39 50
40 46
40 49
41 47
42 45
42 46
43 48
43 49
<type workers>
1
<task types>
1
1
1
1
1
1
1
1
1
1
1
1
1
1
1
1
1
1
1
1
1
1
1
1
1
1
1
1
1
1
1
1
1
1
1
1
1
1
1
1
1
1
1
1
1
1
1
1
1
1
<task times>
666
541
385
565
566
409
509
572
355
352
386
408
404
393
570
703
618
486
424
581
388
336
626
390
417
377
606
669
524
549
503
455
419
382
618
512
420
519
366
239
531
460
463
338
286
740
619
491
488
295
<worker costs>
100
<end>