<number of tasks>
50
<cycle time>
1000
<precedence relations>
1 5
1 6
2 8
2 9
2 10
3 6
4 7
4 8
5 11
5 12
5 17
6 16
6 17
7 11
7 12
9 11
9 13
10 18
10 29
10 34
11 14
11 15
12 24
13 15
13 16
13 17
14 18
14 20
14 22
15 18
15 19
15 41
16 18
16 19
16 20
16 21
16 22
17 32
17 34
17 35
18 23
19 25
20 41
21 24
22 27
22 38
22 40
23 26
23 28
23 35
24 27
24 29
25 34
26 36
27 30
27 34
28 32
29 31
29 32
29 33
29 35
30 39
30 41
31 37
31 38
32 37
32 39
32 45
33 40
34 37
35 36
35 38
36 42
36 43
36 46
37 48
37 50
38 49
39 43
39 44
40 42
41 45
41 46
42 47
42 50
43 49
44 48
46 50
<type workers>
1
<task types>
1
1
1
1
1
1
1
1
1
1
1
1
1
1
1
1
1
1
1
1
1
1
1
1
1
1
1
1
1
1
1
1
1
1
1
1
1
1
1
1
1
1
1
1
1
1
1
1
1
1
<task times>
512
318
559
412
488
550
686
375
477
411
588
234
465
315
283
759
797
698
763
548
288
572
450
479
579
532
123
302
593
159
455
715
404
508
473
662
652
517
481
444
295
328
678
652
635
524
501
445
657
620
<worker costs>
100
<end>