<number of tasks>
50
<cycle time>
1000
<precedence relations>
1 25
2 8
2 9
2 16
3 6
3 9
4 6
5 7
5 10
6 24
7 13
8 15
8 18
8 20
8 21
9 11
9 12
9 18
10 11
10 12
11 14
11 21
12 14
12 15
12 17
13 16
13 18
14 26
14 29
15 22
15 25
16 19
16 20
16 21
16 22
17 19
17 20
17 21
17 34
18 19
19 23
19 24
20 23
21 25
21 38
21 42
22 23
22 26
22 27
23 29
23 32
24 35
24 41
25 28
25 36
26 31
26 36
26 46
27 30
27 33
27 39
27 41
28 49
29 35
29 36
31 47
32 39
32 40
32 49
33 34
34 40
35 37
35 38
35 39
35 40
35 42
35 43
36 37
36 41
36 43
37 45
37 47
38 46
39 47
39 48
41 44
41 45
43 50
44 49
44 50
<type workers>
1
<task types>
1
1
1
1
1
1
1
1
1
1
1
1
1
1
1
1
1
1
1
1
1
1
1
1
1
1
1
1
1
1
1
1
1
1
1
1
1
1
1
1
1
1
1
1
1
1
1
1
1
1
<task times>
60
175
426
115
58
187
62
209
134
305
89
64
281
384
66
105
522
454
303
527
171
128
310
21
28
488
480
559
358
278
441
73
457
538
356
513
556
260
384
664
482
174
182
384
390
91
200
27
239
97
<worker costs>
100
<end>