<number of tasks>
50
<cycle time>
1000
<precedence relations>
1 17
1 23
1 24
2 11
2 20
3 8
3 10
3 11
4 13
4 26
5 8
5 9
5 10
5 11
6 8
6 9
6 18
7 9
8 12
8 13
8 26
9 12
9 32
10 14
10 15
11 19
11 24
12 19
12 20
12 35
13 17
14 18
15 16
16 21
16 23
16 24
17 21
17 22
17 25
18 21
18 33
18 34
20 22
20 33
21 27
22 29
23 30
23 39
23 49
24 26
24 35
25 28
25 33
26 29
26 33
26 34
27 31
27 32
28 30
28 32
28 41
28 46
29 41
29 45
30 45
31 35
31 36
32 44
32 48
33 36
33 43
34 40
34 41
35 38
35 39
35 40
35 41
35 46
36 37
36 38
37 42
37 45
37 47
39 48
40 43
40 45
41 44
42 46
42 48
43 49
44 47
44 49
44 50
45 48
<type workers>
1
<task types>
1
1
1
1
1
1
1
1
1
1
1
1
1
1
1
1
1
1
1
1
1
1
1
1
1
1
1
1
1
1
1
1
1
1
1
1
1
1
1
1
1
1
1
1
1
1
1
1
1
1
<task times>
302
522
161
235
479
567
413
92
117
89
234
64
194
479
143
100
97
49
303
636
371
228
120
58
146
145
411
322
102
115
70
118
391
438
73
103
285
561
206
551
119
164
295
80
270
28
487
102
121
38
<worker costs>
100
<end>