<number of tasks>
50
<cycle time>
1000
<precedence relations>
1 4
2 6
3 4
3 5
4 7
4 8
4 9
5 8
5 9
5 24
6 7
6 9
6 10
7 11
7 12
7 13
8 14
8 29
8 35
9 12
9 15
9 30
10 11
10 12
10 13
11 14
11 15
11 16
11 17
11 18
11 19
12 18
12 34
13 17
13 20
13 42
13 43
14 21
15 21
15 22
16 21
16 22
16 23
16 24
18 32
18 33
19 23
19 48
20 33
20 37
20 40
21 25
21 26
21 28
22 25
22 27
22 29
22 43
23 37
23 45
24 25
24 28
24 30
25 31
25 33
25 34
26 32
27 35
27 38
28 32
28 33
28 38
28 39
29 31
29 33
29 37
29 38
29 39
29 46
30 32
31 42
32 36
32 37
32 41
33 44
33 49
34 38
35 39
35 40
36 43
37 50
40 45
41 45
42 44
43 45
43 46
43 49
43 50
44 47
44 48
44 50
<type workers>
1
<task types>
1
1
1
1
1
1
1
1
1
1
1
1
1
1
1
1
1
1
1
1
1
1
1
1
1
1
1
1
1
1
1
1
1
1
1
1
1
1
1
1
1
1
1
1
1
1
1
1
1
1
<task times>
125
461
28
188
123
484
196
257
165
259
32
216
168
131
43
243
195
547
272
322
477
165
34
76
59
489
177
122
35
80
163
374
410
622
189
85
431
114
175
549
212
199
190
571
296
575
106
252
145
59
<worker costs>
100
<end>