<number of tasks>
50
<cycle time>
1000
<precedence relations>
1 7
1 13
2 6
2 10
2 15
3 5
3 6
4 8
4 9
4 10
5 13
5 15
5 28
5 31
6 11
6 12
6 13
6 14
7 12
7 15
8 11
8 12
8 13
9 30
9 31
10 11
10 13
10 14
10 20
11 16
11 17
11 27
12 16
12 17
12 18
13 23
13 36
13 37
13 40
14 33
14 47
15 29
16 19
16 21
16 22
17 19
17 24
17 31
17 32
18 19
18 20
18 23
18 28
19 26
19 38
20 44
21 28
22 25
23 27
24 30
25 31
25 36
26 29
27 30
27 43
27 44
28 32
29 39
30 33
30 45
31 33
31 38
31 40
32 33
32 34
32 35
33 41
33 42
33 48
34 36
34 40
34 41
34 44
35 37
35 38
35 39
35 45
36 45
37 44
38 43
39 50
40 42
40 45
42 46
42 49
42 50
43 48
44 46
45 47
<type workers>
1
<task types>
1
1
1
1
1
1
1
1
1
1
1
1
1
1
1
1
1
1
1
1
1
1
1
1
1
1
1
1
1
1
1
1
1
1
1
1
1
1
1
1
1
1
1
1
1
1
1
1
1
1
<task times>
51
276
68
117
90
286
193
433
266
112
190
128
37
134
279
106
118
347
500
181
178
200
42
263
176
32
41
163
327
160
171
274
122
343
277
146
178
462
185
251
136
469
497
56
58
103
223
70
103
339
<worker costs>
100
<end>