<number of tasks>
50
<cycle time>
1000
<precedence relations>
1 4
1 6
1 7
2 4
2 5
2 6
2 7
3 4
3 5
3 6
3 7
4 8
4 9
4 10
4 12
5 8
5 9
5 10
5 11
5 12
6 8
6 9
6 10
6 11
7 8
7 9
7 10
7 11
7 12
8 13
9 13
9 14
10 18
10 19
11 13
11 14
12 13
12 14
13 15
13 16
13 17
14 15
14 16
14 17
15 18
15 19
16 18
16 19
17 18
17 19
18 20
18 21
18 22
19 20
19 21
19 22
20 23
21 23
22 23
23 24
24 25
24 26
24 27
24 28
25 29
25 30
26 29
26 30
27 29
27 30
28 29
28 30
29 31
29 32
29 33
30 31
30 32
30 33
31 35
32 34
32 35
32 39
33 35
33 36
33 37
34 46
35 38
36 38
36 39
38 40
38 41
39 42
39 46
39 48
40 43
40 46
41 43
41 44
41 45
42 43
42 44
42 47
43 49
45 47
45 48
45 49
46 47
47 50
49 50
<type workers>
1
<task types>
1
1
1
1
1
1
1
1
1
1
1
1
1
1
1
1
1
1
1
1
1
1
1
1
1
1
1
1
1
1
1
1
1
1
1
1
1
1
1
1
1
1
1
1
1
1
1
1
1
1
<task times>
272
203
205
22
229
145
145
193
114
143
231
231
59
254
36
185
239
70
185
86
69
125
231
157
132
54
189
29
253
150
54
176
88
55
119
39
99
67
227
100
80
73
196
176
128
128
62
62
61
271
<worker costs>
100
<end>