<number of tasks>
50
<cycle time>
1000
<precedence relations>
1 4
1 5
2 4
2 5
3 4
3 5
4 6
4 7
5 6
5 7
6 8
6 9
6 10
7 8
7 9
7 10
8 11
8 12
8 13
9 11
9 12
9 13
10 11
10 12
10 13
11 14
11 15
11 16
12 14
12 15
12 16
13 14
13 15
13 16
14 17
14 18
14 19
14 20
15 17
15 18
15 19
15 20
16 17
16 18
16 19
16 20
17 21
18 21
19 21
20 21
21 22
21 23
21 24
22 25
22 26
22 27
23 25
23 26
23 27
24 25
24 26
24 27
25 28
25 29
25 30
25 31
26 28
26 29
26 30
26 31
27 29
28 34
28 37
28 38
28 40
29 32
29 34
29 37
29 40
30 32
30 33
30 34
31 32
31 40
32 38
32 39
32 50
33 35
33 36
34 39
35 38
36 37
36 39
36 40
37 41
37 42
38 41
38 46
39 47
40 42
41 43
42 44
43 47
44 45
44 46
45 50
46 48
46 49
47 48
<type workers>
1
<task types>
1
1
1
1
1
1
1
1
1
1
1
1
1
1
1
1
1
1
1
1
1
1
1
1
1
1
1
1
1
1
1
1
1
1
1
1
1
1
1
1
1
1
1
1
1
1
1
1
1
1
<task times>
325
85
213
194
160
65
85
84
161
37
316
264
79
127
26
280
179
36
149
57
137
260
165
36
24
120
71
177
164
119
239
161
123
104
156
267
138
307
118
185
266
264
207
165
223
90
78
22
178
182
<worker costs>
100
<end>