<number of tasks>
50
<cycle time>
1000
<precedence relations>
1 4
1 5
2 4
2 5
3 4
3 5
4 6
4 7
5 6
5 7
6 8
6 9
6 10
6 11
7 8
7 9
7 10
7 11
8 12
8 13
8 14
9 12
9 13
9 14
10 12
10 13
10 14
11 12
11 13
11 14
12 15
12 16
13 15
13 16
14 15
14 16
15 17
15 18
15 19
15 20
16 17
17 22
17 23
18 25
18 26
19 21
19 22
19 23
20 21
20 22
21 26
22 24
22 25
22 26
23 24
23 25
23 26
24 27
25 27
26 27
27 28
27 29
27 30
28 31
28 33
29 31
29 32
29 33
29 34
30 31
30 32
30 34
31 35
31 38
31 39
32 47
33 36
33 37
34 35
34 37
35 49
37 38
37 39
38 42
39 40
39 41
40 43
40 47
41 43
41 44
41 45
42 43
42 45
43 46
43 48
44 47
45 46
46 49
47 48
47 49
47 50
<type workers>
1
<task types>
1
1
1
1
1
1
1
1
1
1
1
1
1
1
1
1
1
1
1
1
1
1
1
1
1
1
1
1
1
1
1
1
1
1
1
1
1
1
1
1
1
1
1
1
1
1
1
1
1
1
<task times>
526
542
752
611
579
535
466
352
538
528
519
585
547
426
811
578
426
478
397
341
417
618
469
525
524
448
653
605
583
557
476
387
348
518
407
461
695
588
425
737
472
514
753
582
488
505
690
679
610
363
<worker costs>
100
<end>