<number of tasks>
50
<cycle time>
1000
<precedence relations>
1 3
1 4
2 3
2 4
3 5
3 6
3 7
3 8
4 5
4 6
4 7
4 8
5 9
5 10
5 11
5 12
6 9
6 10
6 11
6 12
7 9
7 10
7 11
7 12
8 9
8 10
8 11
8 12
9 13
9 14
9 15
10 13
10 14
10 15
11 13
11 14
11 15
12 13
12 14
12 15
13 16
13 17
13 18
14 16
14 17
14 18
15 16
15 17
15 18
16 19
16 20
17 19
17 20
18 19
18 20
19 21
19 22
20 21
20 22
21 23
21 24
22 23
22 24
23 25
23 26
23 27
23 28
24 25
24 26
24 27
24 28
25 29
26 38
26 39
26 40
26 41
27 29
28 29
29 30
29 31
30 32
30 33
31 32
31 33
31 34
32 35
32 36
32 37
32 38
33 35
33 36
33 38
34 35
34 38
34 40
34 41
35 39
36 39
37 40
37 41
38 42
38 47
38 48
39 43
40 42
41 44
41 47
42 46
43 45
44 49
45 47
45 48
45 49
45 50
<type workers>
1
<task types>
1
1
1
1
1
1
1
1
1
1
1
1
1
1
1
1
1
1
1
1
1
1
1
1
1
1
1
1
1
1
1
1
1
1
1
1
1
1
1
1
1
1
1
1
1
1
1
1
1
1
<task times>
715
413
215
546
395
479
725
524
617
432
591
684
702
504
421
709
490
356
586
368
595
506
467
448
607
800
385
479
508
443
416
616
497
210
408
584
827
492
549
586
649
356
405
611
522
610
499
338
606
457
<worker costs>
100
<end>