<number of tasks>
50
<cycle time>
1000
<precedence relations>
1 4
2 4
2 5
2 6
2 7
3 6
3 7
4 9
4 10
5 8
5 9
5 10
6 8
6 9
6 10
7 8
7 9
7 10
8 11
8 12
9 11
9 12
10 11
10 12
11 13
11 14
12 13
12 14
13 15
13 16
14 15
14 16
15 17
15 18
15 19
15 20
16 17
16 18
16 19
16 20
17 21
17 22
18 21
18 22
19 21
19 22
20 21
20 22
21 23
21 24
21 25
22 23
22 24
22 25
23 26
23 27
24 26
24 27
25 26
25 27
26 28
26 29
26 30
27 28
27 29
27 30
28 31
28 32
28 33
28 34
29 31
29 32
29 33
29 34
30 31
30 32
30 33
30 34
31 35
32 36
32 43
32 44
32 45
33 42
33 44
34 35
35 38
35 39
36 37
37 49
37 50
38 40
38 41
39 42
40 44
42 43
42 45
43 46
43 47
43 48
44 47
47 50
48 49
48 50
<type workers>
1
<task types>
1
1
1
1
1
1
1
1
1
1
1
1
1
1
1
1
1
1
1
1
1
1
1
1
1
1
1
1
1
1
1
1
1
1
1
1
1
1
1
1
1
1
1
1
1
1
1
1
1
1
<task times>
116
436
25
60
428
28
487
213
51
114
202
291
464
166
192
76
269
40
47
167
454
101
114
250
33
61
192
303
493
183
33
95
445
455
145
71
176
155
102
523
444
492
345
225
309
269
329
184
229
434
<worker costs>
100
<end>