<number of tasks>
50
<cycle time>
1000
<precedence relations>
1 4
1 5
1 6
1 7
2 4
2 5
2 6
2 7
3 4
3 5
3 6
3 7
4 8
4 9
4 10
5 8
5 9
5 10
6 8
6 9
6 10
7 8
7 9
7 10
8 11
8 12
8 13
8 14
9 11
9 12
9 13
9 14
10 11
10 12
10 13
10 14
11 15
11 16
11 17
12 15
12 16
12 17
13 15
13 16
13 17
14 15
14 16
14 17
15 18
15 19
15 20
16 18
16 19
16 20
17 18
17 19
17 20
18 22
18 23
19 22
20 21
20 22
20 23
21 24
21 25
21 26
22 24
22 25
22 26
23 24
23 25
23 26
24 27
24 28
25 27
25 28
26 27
27 29
27 30
28 29
28 35
29 36
29 46
30 31
30 32
30 33
31 36
31 37
32 34
32 35
32 36
32 39
33 34
33 35
34 38
34 40
36 43
36 50
37 38
37 39
38 41
38 42
38 43
39 40
40 41
40 42
40 43
41 45
42 44
43 44
44 48
45 46
45 47
46 48
46 49
46 50
47 48
<type workers>
1
<task types>
1
1
1
1
1
1
1
1
1
1
1
1
1
1
1
1
1
1
1
1
1
1
1
1
1
1
1
1
1
1
1
1
1
1
1
1
1
1
1
1
1
1
1
1
1
1
1
1
1
1
<task times>
414
100
229
166
504
493
299
505
159
317
635
506
207
182
269
335
77
143
86
549
210
93
247
275
56
226
45
246
139
333
122
162
159
392
83
244
140
110
519
164
230
182
128
532
280
131
512
114
43
489
<worker costs>
100
<end>