<number of tasks>
50
<cycle time>
1000
<precedence relations>
1 4
2 5
2 6
2 7
2 10
3 5
3 10
4 8
4 9
4 10
4 11
5 8
5 12
5 13
5 16
6 39
7 11
7 17
7 24
8 28
8 40
9 16
9 17
9 26
10 13
10 15
10 21
11 25
11 28
12 14
12 22
13 22
13 25
14 48
15 18
15 23
15 25
16 19
16 20
17 35
18 22
18 24
18 26
19 23
19 24
19 25
20 21
20 22
20 23
20 34
22 31
23 30
23 32
23 40
24 28
24 29
25 27
25 30
26 27
27 31
27 32
27 33
27 34
28 31
28 32
28 35
28 36
29 33
29 34
30 31
31 37
31 39
33 39
33 40
33 42
36 38
37 42
37 46
37 47
37 50
38 42
38 43
39 41
39 43
39 44
39 49
40 48
41 47
42 48
42 49
43 46
43 48
44 45
44 50
<type workers>
3
<task types>
1
1
1
1
1
1
1
1
1
1
2
2
2
2
2
2
2
2
2
2
2
2
2
2
2
3
3
3
3
3
3
3
3
3
3
3
3
3
3
3
3
3
3
3
3
3
3
3
3
3
<task times>
76 INF INF 
260 INF INF 
174 INF INF 
413 INF INF 
147 INF INF 
55 INF INF 
26 INF INF 
61 INF INF 
141 INF INF 
163 INF INF 
285 342 INF 
293 352 INF 
24 29 INF 
148 178 INF 
31 37 INF 
88 106 INF 
229 275 INF 
138 166 INF 
385 462 INF 
49 59 INF 
84 101 INF 
130 156 INF 
45 54 INF 
154 185 INF 
123 148 INF 
64 77 92 
151 181 217 
180 216 259 
140 168 202 
217 260 312 
53 64 77 
58 70 84 
148 178 214 
172 206 247 
153 184 221 
284 341 409 
111 133 160 
144 173 208 
109 131 157 
57 68 82 
203 244 293 
37 44 53 
169 203 244 
28 34 41 
67 80 96 
104 125 150 
29 35 42 
97 116 139 
241 289 347 
157 188 226 
<worker costs>
100
85
72
<end>