<number of tasks>
50
<cycle time>
1000
<precedence relations>
1 7
1 8
2 7
2 11
3 7
3 10
4 7
4 9
5 7
5 8
5 11
5 19
6 7
6 8
6 14
7 13
7 15
8 22
8 34
8 36
9 14
9 16
10 12
10 14
10 17
11 17
12 16
12 18
12 19
12 23
13 16
13 17
13 20
14 37
14 49
16 22
16 24
16 25
16 29
17 21
17 23
17 24
18 21
18 37
18 39
18 40
19 24
20 28
20 30
21 31
21 41
21 44
23 26
23 29
23 36
23 38
23 39
24 27
24 28
24 30
25 36
26 31
26 37
27 32
28 32
28 33
28 34
30 31
30 43
30 48
30 49
31 34
32 36
32 37
33 35
33 38
34 42
34 46
35 39
36 40
36 41
37 41
37 50
39 42
39 44
39 46
40 45
40 50
41 43
41 46
42 47
44 47
44 49
44 50
45 48
45 49
<type workers>
3
<task types>
1
1
1
1
1
1
1
1
1
1
2
2
2
2
2
2
2
2
2
2
2
2
2
2
2
3
3
3
3
3
3
3
3
3
3
3
3
3
3
3
3
3
3
3
3
3
3
3
3
3
<task times>
258 INF INF 
478 INF INF 
461 INF INF 
713 INF INF 
697 INF INF 
503 INF INF 
578 INF INF 
599 INF INF 
455 INF INF 
538 INF INF 
331 397 INF 
512 614 INF 
748 898 INF 
800 960 INF 
551 661 INF 
424 509 INF 
447 536 INF 
448 538 INF 
440 528 INF 
436 523 INF 
722 866 INF 
502 602 INF 
439 527 INF 
376 451 INF 
352 422 INF 
285 342 410 
448 538 646 
384 461 553 
722 866 1039 
399 479 575 
638 766 919 
430 516 619 
342 410 492 
408 490 588 
473 568 682 
480 576 691 
435 522 626 
427 512 614 
350 420 504 
706 847 1016 
466 559 671 
581 697 836 
399 479 575 
596 715 858 
560 672 806 
465 558 670 
428 514 617 
563 676 811 
599 719 863 
348 418 502 
<worker costs>
100
85
72
<end>