<number of tasks>
50
<cycle time>
1000
<precedence relations>
1 25
2 8
2 9
2 16
3 6
3 9
4 6
5 7
5 10
6 24
7 13
8 15
8 18
8 20
8 21
9 11
9 12
9 18
10 11
10 12
11 14
11 21
12 14
12 15
12 17
13 16
13 18
14 26
14 29
15 22
15 25
16 19
16 20
16 21
16 22
17 19
17 20
17 21
17 34
18 19
19 23
19 24
20 23
21 25
21 38
21 42
22 23
22 26
22 27
23 29
23 32
24 35
24 41
25 28
25 36
26 31
26 36
26 46
27 30
27 33
27 39
27 41
28 49
29 35
29 36
31 47
32 39
32 40
32 49
33 34
34 40
35 37
35 38
35 39
35 40
35 42
35 43
36 37
36 41
36 43
37 45
37 47
38 46
39 47
39 48
41 44
41 45
43 50
44 49
44 50
<type workers>
3
<task types>
1
1
1
1
1
1
1
1
1
1
2
2
2
2
2
2
2
2
2
2
2
2
2
2
2
3
3
3
3
3
3
3
3
3
3
3
3
3
3
3
3
3
3
3
3
3
3
3
3
3
<task times>
60 INF INF 
175 INF INF 
426 INF INF 
115 INF INF 
58 INF INF 
187 INF INF 
62 INF INF 
209 INF INF 
134 INF INF 
305 INF INF 
89 107 INF 
64 77 INF 
281 337 INF 
384 461 INF 
66 79 INF 
105 126 INF 
522 626 INF 
454 545 INF 
303 364 INF 
527 632 INF 
171 205 INF 
128 154 INF 
310 372 INF 
21 25 INF 
28 34 INF 
488 586 703 
480 576 691 
559 671 805 
358 430 516 
278 334 401 
441 529 635 
73 88 106 
457 548 658 
538 646 775 
356 427 512 
513 616 739 
556 667 800 
260 312 374 
384 461 553 
664 797 956 
482 578 694 
174 209 251 
182 218 262 
384 461 553 
390 468 562 
91 109 131 
200 240 288 
27 32 38 
239 287 344 
97 116 139 
<worker costs>
100
85
72
<end>