<number of tasks>
50
<cycle time>
1000
<precedence relations>
1 11
1 12
2 5
2 6
3 5
3 6
4 5
4 6
5 7
5 8
5 9
6 7
6 8
6 9
7 10
7 11
7 12
8 10
8 11
8 12
9 10
9 11
9 12
10 13
10 14
10 15
10 16
11 13
11 14
11 15
11 16
12 13
12 14
12 15
12 16
13 17
13 18
14 17
14 18
15 17
15 18
16 17
16 18
17 19
17 20
17 21
17 22
18 19
18 20
18 21
18 22
19 23
20 28
20 29
20 30
21 23
21 24
21 25
22 23
22 24
22 25
23 26
23 27
24 26
25 26
26 28
26 29
26 30
27 28
27 29
27 30
28 31
28 32
29 31
29 32
30 31
30 32
31 33
31 34
31 35
32 33
33 38
33 40
33 45
33 47
34 36
34 38
35 37
35 38
36 39
37 40
37 44
39 41
39 42
40 46
40 48
41 43
41 44
42 43
43 45
43 46
43 47
44 48
45 49
46 50
47 49
48 49
48 50
<type workers>
3
<task types>
1
1
1
1
1
1
1
1
1
1
2
2
2
2
2
2
2
2
2
2
2
2
2
2
2
3
3
3
3
3
3
3
3
3
3
3
3
3
3
3
3
3
3
3
3
3
3
3
3
3
<task times>
120 INF INF 
61 INF INF 
146 INF INF 
285 INF INF 
24 INF INF 
202 INF INF 
94 INF INF 
125 INF INF 
96 INF INF 
38 INF INF 
113 136 INF 
151 181 INF 
156 187 INF 
231 277 INF 
112 134 INF 
23 28 INF 
155 186 INF 
123 148 INF 
216 259 INF 
82 98 INF 
75 90 INF 
230 276 INF 
140 168 INF 
151 181 INF 
255 306 INF 
112 134 161 
83 100 120 
93 112 134 
96 115 138 
70 84 101 
164 197 236 
37 44 53 
256 307 368 
133 160 192 
196 235 282 
182 218 262 
37 44 53 
110 132 158 
105 126 151 
309 371 445 
192 230 276 
170 204 245 
154 185 222 
37 44 53 
222 266 319 
111 133 160 
134 161 193 
119 143 172 
162 194 233 
118 142 170 
<worker costs>
100
85
72
<end>