<number of tasks>
50
<cycle time>
1000
<precedence relations>
1 3
1 4
2 3
2 4
3 5
3 6
3 7
3 8
4 5
4 6
4 7
4 8
5 9
5 10
5 11
5 12
6 9
6 10
6 11
6 12
7 9
7 10
7 11
7 12
8 9
8 10
8 11
8 12
9 13
9 14
9 15
10 13
10 14
10 15
11 13
11 14
11 15
12 13
12 14
12 15
13 16
13 17
13 18
14 16
14 17
14 18
15 16
15 17
15 18
16 19
16 20
17 19
17 20
18 19
18 20
19 21
19 22
20 21
20 22
21 23
21 24
22 23
22 24
23 25
23 26
23 27
23 28
24 25
24 26
24 27
24 28
25 29
26 38
26 39
26 40
26 41
27 29
28 29
29 30
29 31
30 32
30 33
31 32
31 33
31 34
32 35
32 36
32 37
32 38
33 35
33 36
33 38
34 35
34 38
34 40
34 41
35 39
36 39
37 40
37 41
38 42
38 47
38 48
39 43
40 42
41 44
41 47
42 46
43 45
44 49
45 47
45 48
45 49
45 50
<type workers>
3
<task types>
1
1
1
1
1
1
1
1
1
1
2
2
2
2
2
2
2
2
2
2
2
2
2
2
2
3
3
3
3
3
3
3
3
3
3
3
3
3
3
3
3
3
3
3
3
3
3
3
3
3
<task times>
715 INF INF 
413 INF INF 
215 INF INF 
546 INF INF 
395 INF INF 
479 INF INF 
725 INF INF 
524 INF INF 
617 INF INF 
432 INF INF 
591 709 INF 
684 821 INF 
702 842 INF 
504 605 INF 
421 505 INF 
709 851 INF 
490 588 INF 
356 427 INF 
586 703 INF 
368 442 INF 
595 714 INF 
506 607 INF 
467 560 INF 
448 538 INF 
607 728 INF 
800 960 1152 
385 462 554 
479 575 690 
508 610 732 
443 532 638 
416 499 599 
616 739 887 
497 596 715 
210 252 302 
408 490 588 
584 701 841 
827 992 1190 
492 590 708 
549 659 791 
586 703 844 
649 779 935 
356 427 512 
405 486 583 
611 733 880 
522 626 751 
610 732 878 
499 599 719 
338 406 487 
606 727 872 
457 548 658 
<worker costs>
100
85
72
<end>