<number of tasks>
50
<cycle time>
1000
<precedence relations>
1 9
2 7
2 8
2 11
4 5
4 6
4 10
5 15
6 16
8 12
8 14
8 22
8 44
10 33
10 45
11 13
11 17
12 18
12 19
13 20
13 22
13 25
14 24
14 34
15 24
17 21
17 23
19 25
19 27
20 30
21 26
21 28
22 47
24 29
24 42
25 33
26 34
26 37
27 36
28 31
28 35
29 32
31 39
31 40
31 44
32 38
32 39
34 45
35 42
36 41
36 43
37 38
43 46
43 47
44 46
44 48
44 49
44 50
<type workers>
3
<task types>
1
1
1
1
1
1
1
1
1
1
2
2
2
2
2
2
2
2
2
2
2
2
2
2
2
3
3
3
3
3
3
3
3
3
3
3
3
3
3
3
3
3
3
3
3
3
3
3
3
3
<task times>
79 INF INF 
72 INF INF 
268 INF INF 
217 INF INF 
159 INF INF 
83 INF INF 
43 INF INF 
209 INF INF 
76 INF INF 
99 INF INF 
180 216 INF 
121 145 INF 
85 102 INF 
110 132 INF 
120 144 INF 
203 244 INF 
42 50 INF 
201 241 INF 
45 54 INF 
63 76 INF 
74 89 INF 
61 73 INF 
140 168 INF 
55 66 INF 
171 205 INF 
177 212 254 
23 28 34 
102 122 146 
55 66 79 
63 76 91 
107 128 154 
171 205 246 
132 158 190 
139 167 200 
150 180 216 
61 73 88 
161 193 232 
150 180 216 
139 167 200 
95 114 137 
115 138 166 
174 209 251 
65 78 94 
211 253 304 
241 289 347 
68 82 98 
93 112 134 
49 59 71 
69 83 100 
170 204 245 
<worker costs>
100
70
49
<end>