<number of tasks>
50
<cycle time>
1000
<precedence relations>
1 10
1 12
2 10
2 11
2 13
4 42
8 9
9 15
9 16
9 17
10 21
11 36
12 30
12 34
12 49
13 14
14 23
14 24
15 19
16 20
16 21
16 25
17 18
17 22
18 41
19 30
20 28
21 27
21 32
21 37
22 31
23 26
24 29
25 26
25 38
28 33
28 37
28 38
29 36
30 35
32 34
32 39
32 41
34 44
35 42
35 47
36 41
36 43
36 45
37 40
39 46
40 49
41 50
47 48
<type workers>
3
<task types>
1
1
1
1
1
1
1
1
1
1
2
2
2
2
2
2
2
2
2
2
2
2
2
2
2
3
3
3
3
3
3
3
3
3
3
3
3
3
3
3
3
3
3
3
3
3
3
3
3
3
<task times>
53 INF INF 
230 INF INF 
29 INF INF 
54 INF INF 
315 INF INF 
104 INF INF 
27 INF INF 
62 INF INF 
144 INF INF 
273 INF INF 
108 130 INF 
174 209 INF 
258 310 INF 
153 184 INF 
220 264 INF 
51 61 INF 
192 230 INF 
124 149 INF 
96 115 INF 
235 282 INF 
176 211 INF 
106 127 INF 
138 166 INF 
27 32 INF 
107 128 INF 
63 76 91 
113 136 163 
228 274 329 
107 128 154 
99 119 143 
106 127 152 
119 143 172 
156 187 224 
84 101 121 
138 166 199 
97 116 139 
38 46 55 
184 221 265 
204 245 294 
284 341 409 
197 236 283 
217 260 312 
44 53 64 
82 98 118 
127 152 182 
51 61 73 
246 295 354 
91 109 131 
170 204 245 
40 48 58 
<worker costs>
100
70
49
<end>