<number of tasks>
50
<cycle time>
1000
<precedence relations>
3 9
4 7
4 10
4 12
4 13
4 14
5 11
5 12
6 8
7 17
9 36
10 16
10 29
11 20
13 15
13 19
14 18
15 21
16 23
16 24
16 25
17 27
17 37
19 20
19 22
19 26
20 27
20 31
21 29
23 49
24 28
25 30
26 27
26 48
27 33
27 35
29 32
31 34
32 36
32 37
32 39
32 41
32 43
33 40
33 44
34 42
35 38
39 46
41 48
42 45
42 49
43 46
43 50
44 47
<type workers>
3
<task types>
1
1
1
1
1
1
1
1
1
1
2
2
2
2
2
2
2
2
2
2
2
2
2
2
2
3
3
3
3
3
3
3
3
3
3
3
3
3
3
3
3
3
3
3
3
3
3
3
3
3
<task times>
577 INF INF 
664 INF INF 
230 INF INF 
563 INF INF 
508 INF INF 
373 INF INF 
413 INF INF 
435 INF INF 
463 INF INF 
482 INF INF 
745 894 INF 
531 637 INF 
789 947 INF 
605 726 INF 
544 653 INF 
407 488 INF 
457 548 INF 
364 437 INF 
758 910 INF 
535 642 INF 
490 588 INF 
250 300 INF 
340 408 INF 
279 335 INF 
451 541 INF 
562 674 809 
588 706 847 
445 534 641 
533 640 768 
350 420 504 
621 745 894 
530 636 763 
739 887 1064 
510 612 734 
581 697 836 
315 378 454 
584 701 841 
428 514 617 
602 722 866 
609 731 877 
636 763 916 
560 672 806 
335 402 482 
488 586 703 
427 512 614 
502 602 722 
400 480 576 
488 586 703 
568 682 818 
444 533 640 
<worker costs>
100
70
49
<end>