<number of tasks>
50
<cycle time>
1000
<precedence relations>
3 12
3 13
4 10
6 41
8 11
9 43
10 15
10 16
11 14
11 17
11 18
14 37
15 21
16 19
17 20
18 29
18 48
19 23
19 25
20 26
20 28
20 31
21 22
21 24
21 27
21 29
21 30
22 34
23 38
23 44
23 49
26 32
26 33
26 34
27 32
27 37
28 35
28 39
28 44
31 36
31 47
33 41
33 42
34 40
34 45
36 43
37 44
38 45
40 49
42 50
43 46
44 47
45 48
<type workers>
3
<task types>
1
1
1
1
1
1
1
1
1
1
2
2
2
2
2
2
2
2
2
2
2
2
2
2
2
3
3
3
3
3
3
3
3
3
3
3
3
3
3
3
3
3
3
3
3
3
3
3
3
3
<task times>
412 INF INF 
377 INF INF 
292 INF INF 
308 INF INF 
429 INF INF 
411 INF INF 
512 INF INF 
445 INF INF 
458 INF INF 
689 INF INF 
684 821 INF 
411 493 INF 
339 407 INF 
395 474 INF 
412 494 INF 
512 614 INF 
321 385 INF 
510 612 INF 
574 689 INF 
629 755 INF 
651 781 INF 
524 629 INF 
481 577 INF 
519 623 INF 
502 602 INF 
467 560 672 
565 678 814 
662 794 953 
414 497 596 
586 703 844 
269 323 388 
504 605 726 
421 505 606 
479 575 690 
557 668 802 
517 620 744 
438 526 631 
559 671 805 
477 572 686 
541 649 779 
462 554 665 
933 1120 1344 
558 670 804 
380 456 547 
497 596 715 
362 434 521 
479 575 690 
531 637 764 
683 820 984 
535 642 770 
<worker costs>
100
70
49
<end>