<number of tasks>
50
<cycle time>
1000
<precedence relations>
1 5
1 6
2 7
5 9
5 12
5 15
6 8
6 9
6 10
6 13
6 14
7 10
7 11
9 16
9 17
11 22
12 18
12 21
14 19
14 23
15 20
17 29
18 24
18 27
19 30
20 25
20 28
21 26
24 33
24 35
24 38
25 34
26 32
26 33
27 46
28 31
28 35
28 36
29 44
30 37
33 39
33 40
34 41
34 43
34 48
35 44
36 42
39 48
39 50
40 45
41 46
41 49
44 45
44 47
<type workers>
3
<task types>
1
1
1
1
1
1
1
1
1
1
2
2
2
2
2
2
2
2
2
2
2
2
2
2
2
3
3
3
3
3
3
3
3
3
3
3
3
3
3
3
3
3
3
3
3
3
3
3
3
3
<task times>
558 INF INF 
640 INF INF 
445 INF INF 
345 INF INF 
526 INF INF 
566 INF INF 
408 INF INF 
302 INF INF 
489 INF INF 
587 INF INF 
689 827 INF 
457 548 INF 
333 400 INF 
335 402 INF 
348 418 INF 
658 790 INF 
328 394 INF 
491 589 INF 
497 596 INF 
283 340 INF 
608 730 INF 
444 533 INF 
496 595 INF 
476 571 INF 
336 403 INF 
522 626 751 
367 440 528 
467 560 672 
689 827 992 
565 678 814 
589 707 848 
771 925 1110 
567 680 816 
620 744 893 
730 876 1051 
437 524 629 
531 637 764 
369 443 532 
548 658 790 
515 618 742 
557 668 802 
323 388 466 
499 599 719 
542 650 780 
453 544 653 
520 624 749 
609 731 877 
383 460 552 
310 372 446 
547 656 787 
<worker costs>
100
70
49
<end>