<number of tasks>
50
<cycle time>
1000
<precedence relations>
2 6
2 7
3 5
3 8
3 15
4 9
4 10
5 11
5 12
5 17
6 11
6 14
6 15
7 12
7 16
7 20
8 13
9 15
9 23
10 12
10 13
10 14
11 18
11 20
12 18
12 19
13 16
13 18
13 20
14 16
14 17
15 25
16 31
17 21
17 36
18 21
18 22
18 23
19 21
19 23
20 37
21 24
21 27
21 29
22 25
22 26
23 24
23 25
23 28
23 41
24 30
24 31
24 44
24 46
25 30
25 34
26 32
26 35
27 34
27 41
29 33
30 37
30 38
31 37
32 36
33 50
34 35
35 42
35 44
36 41
37 39
37 45
38 40
38 43
39 49
41 45
41 46
42 50
45 47
45 48
45 49
46 50
<type workers>
3
<task types>
1
1
1
1
1
1
1
1
1
1
2
2
2
2
2
2
2
2
2
2
2
2
2
2
2
3
3
3
3
3
3
3
3
3
3
3
3
3
3
3
3
3
3
3
3
3
3
3
3
3
<task times>
393 INF INF 
455 INF INF 
521 INF INF 
692 INF INF 
375 INF INF 
371 INF INF 
406 INF INF 
284 INF INF 
434 INF INF 
416 INF INF 
512 614 INF 
598 718 INF 
294 353 INF 
489 587 INF 
397 476 INF 
412 494 INF 
597 716 INF 
613 736 INF 
627 752 INF 
552 662 INF 
492 590 INF 
569 683 INF 
432 518 INF 
611 733 INF 
635 762 INF 
602 722 866 
340 408 490 
366 439 527 
621 745 894 
495 594 713 
493 592 710 
550 660 792 
351 421 505 
473 568 682 
395 474 569 
343 412 494 
442 530 636 
715 858 1030 
512 614 737 
644 773 928 
641 769 923 
759 911 1093 
488 586 703 
434 521 625 
329 395 474 
569 683 820 
374 449 539 
346 415 498 
694 833 1000 
684 821 985 
<worker costs>
100
70
49
<end>