<number of tasks>
50
<cycle time>
1000
<precedence relations>
1 8
1 12
2 9
3 6
3 7
4 6
4 10
5 6
5 7
5 8
5 13
6 12
6 23
7 11
7 22
8 11
8 17
9 13
10 11
10 22
11 14
11 15
11 29
12 14
12 16
12 18
12 24
13 14
13 17
13 32
13 33
15 23
15 24
16 21
16 22
16 26
16 28
17 19
17 35
17 46
18 19
18 20
18 41
19 25
19 27
20 27
20 28
21 29
21 33
22 27
22 47
23 27
23 28
23 36
24 25
24 26
25 34
26 30
26 32
26 33
26 34
27 30
27 45
28 31
29 40
31 34
31 38
32 35
32 36
32 37
33 38
33 39
33 40
33 47
34 39
34 40
34 49
35 39
35 40
36 41
37 39
37 42
37 43
38 42
40 45
40 48
41 44
41 47
42 46
43 45
43 48
43 49
45 50
46 50
47 49
48 50
<type workers>
3
<task types>
1
1
1
1
1
1
1
1
1
1
2
2
2
2
2
2
2
2
2
2
2
2
2
2
2
3
3
3
3
3
3
3
3
3
3
3
3
3
3
3
3
3
3
3
3
3
3
3
3
3
<task times>
303 INF INF 
69 INF INF 
37 INF INF 
249 INF INF 
34 INF INF 
194 INF INF 
237 INF INF 
276 INF INF 
285 INF INF 
188 INF INF 
45 54 INF 
49 59 INF 
514 617 INF 
537 644 INF 
182 218 INF 
205 246 INF 
108 130 INF 
285 342 INF 
74 89 INF 
38 46 INF 
224 269 INF 
395 474 INF 
182 218 INF 
508 610 INF 
161 193 INF 
64 77 92 
185 222 266 
493 592 710 
331 397 476 
41 49 59 
309 371 445 
241 289 347 
79 95 114 
191 229 275 
119 143 172 
223 268 322 
283 340 408 
30 36 43 
404 485 582 
410 492 590 
217 260 312 
149 179 215 
29 35 42 
548 658 790 
167 200 240 
35 42 50 
203 244 293 
202 242 290 
375 450 540 
99 119 143 
<worker costs>
100
70
49
<end>