<number of tasks>
50
<cycle time>
1000
<precedence relations>
1 17
1 23
1 24
2 11
2 20
3 8
3 10
3 11
4 13
4 26
5 8
5 9
5 10
5 11
6 8
6 9
6 18
7 9
8 12
8 13
8 26
9 12
9 32
10 14
10 15
11 19
11 24
12 19
12 20
12 35
13 17
14 18
15 16
16 21
16 23
16 24
17 21
17 22
17 25
18 21
18 33
18 34
20 22
20 33
21 27
22 29
23 30
23 39
23 49
24 26
24 35
25 28
25 33
26 29
26 33
26 34
27 31
27 32
28 30
28 32
28 41
28 46
29 41
29 45
30 45
31 35
31 36
32 44
32 48
33 36
33 43
34 40
34 41
35 38
35 39
35 40
35 41
35 46
36 37
36 38
37 42
37 45
37 47
39 48
40 43
40 45
41 44
42 46
42 48
43 49
44 47
44 49
44 50
45 48
<type workers>
3
<task types>
1
1
1
1
1
1
1
1
1
1
2
2
2
2
2
2
2
2
2
2
2
2
2
2
2
3
3
3
3
3
3
3
3
3
3
3
3
3
3
3
3
3
3
3
3
3
3
3
3
3
<task times>
302 INF INF 
522 INF INF 
161 INF INF 
235 INF INF 
479 INF INF 
567 INF INF 
413 INF INF 
92 INF INF 
117 INF INF 
89 INF INF 
234 281 INF 
64 77 INF 
194 233 INF 
479 575 INF 
143 172 INF 
100 120 INF 
97 116 INF 
49 59 INF 
303 364 INF 
636 763 INF 
371 445 INF 
228 274 INF 
120 144 INF 
58 70 INF 
146 175 INF 
145 174 209 
411 493 592 
322 386 463 
102 122 146 
115 138 166 
70 84 101 
118 142 170 
391 469 563 
438 526 631 
73 88 106 
103 124 149 
285 342 410 
561 673 808 
206 247 296 
551 661 793 
119 143 172 
164 197 236 
295 354 425 
80 96 115 
270 324 389 
28 34 41 
487 584 701 
102 122 146 
121 145 174 
38 46 55 
<worker costs>
100
70
49
<end>