<number of tasks>
50
<cycle time>
1000
<precedence relations>
1 4
1 5
2 4
2 5
3 4
3 5
4 6
4 7
5 6
5 7
6 8
6 9
6 10
6 11
7 8
7 9
7 10
7 11
8 12
8 13
8 14
9 12
9 13
9 14
10 12
10 13
10 14
11 12
11 13
11 14
12 15
12 16
13 15
13 16
14 15
14 16
15 17
15 18
15 19
15 20
16 17
17 22
17 23
18 25
18 26
19 21
19 22
19 23
20 21
20 22
21 26
22 24
22 25
22 26
23 24
23 25
23 26
24 27
25 27
26 27
27 28
27 29
27 30
28 31
28 33
29 31
29 32
29 33
29 34
30 31
30 32
30 34
31 35
31 38
31 39
32 47
33 36
33 37
34 35
34 37
35 49
37 38
37 39
38 42
39 40
39 41
40 43
40 47
41 43
41 44
41 45
42 43
42 45
43 46
43 48
44 47
45 46
46 49
47 48
47 49
47 50
<type workers>
3
<task types>
1
1
1
1
1
1
1
1
1
1
2
2
2
2
2
2
2
2
2
2
2
2
2
2
2
3
3
3
3
3
3
3
3
3
3
3
3
3
3
3
3
3
3
3
3
3
3
3
3
3
<task times>
526 INF INF 
542 INF INF 
752 INF INF 
611 INF INF 
579 INF INF 
535 INF INF 
466 INF INF 
352 INF INF 
538 INF INF 
528 INF INF 
519 623 INF 
585 702 INF 
547 656 INF 
426 511 INF 
811 973 INF 
578 694 INF 
426 511 INF 
478 574 INF 
397 476 INF 
341 409 INF 
417 500 INF 
618 742 INF 
469 563 INF 
525 630 INF 
524 629 INF 
448 538 646 
653 784 941 
605 726 871 
583 700 840 
557 668 802 
476 571 685 
387 464 557 
348 418 502 
518 622 746 
407 488 586 
461 553 664 
695 834 1001 
588 706 847 
425 510 612 
737 884 1061 
472 566 679 
514 617 740 
753 904 1085 
582 698 838 
488 586 703 
505 606 727 
690 828 994 
679 815 978 
610 732 878 
363 436 523 
<worker costs>
100
70
49
<end>